15169,53869
15169,9002
15169,18638
15169,35199
15169,266657
15169,26068
15169,132876
15169,3479
15169,264518
15169,42673
15169,59560
15169,23541
15169,8902
15169,197518
15169,197709
15169,10431
15169,53197
15169,50618
15169,199544
15169,200981
15169,203712
15169,61890
15169,263390
15169,134043
15169,34011
15169,133444
15169,50624
15169,52840
15169,262546
15169,27983
15169,4641
15169,200750
15169,206892
15169,39598
15169,30500
15169,52689
15169,132602
15169,50572
15169,202196
15169,10002
15169,14609
15169,5607
15169,51852
15169,198906
15169,393220
15169,8222
15169,203735
15169,55521
15169,262848
15169,52650
15169,9993
15169,205970
15169,7057
15169,30766
15169,52580
15169,58952
15169,199888
15169,15102
15169,15547
15169,9310
15169,3401
15169,262354
15169,29014
15169,201026
15169,55420
15169,263897
15169,47548
15169,30764
15169,263728
15169,9313
15169,14041
15169,61898
15169,57315
15169,42624
15169,203976
15169,24953
15169,53233
15169,577
15169,64096
15169,4721
15169,262755
15169,2119
15169,33781
15169,22302
15169,52789
15169,131149
15169,47541
15169,133075
15169,60294
15169,61333
15169,327889
15169,55855
15169,14340
15169,34934
15169,262293
15169,10617
15169,21339
15169,58906
15169,43376
15169,15943
15169,137098
15169,47973
15169,20655
15169,31402
15169,264424
15169,134663
15169,44065
15169,61570
15169,135028
15169,714
15169,34554
15169,41028
15169,35332
15169,201283
15169,265851
15169,132958
15169,39792
15169,20880
15169,14988
15169,263531
15169,34916
15169,198269
15169,37564
15169,8422
15169,28257
15169,197186
15169,135743
15169,15133
15169,7575
15169,2128
15169,52381
15169,24554
15169,132559
15169,3580
15169,57099
15169,5462
15169,39591
15169,198004
15169,136621
15169,9269
15169,31857
15169,64475
15169,41691
15169,5400
15169,21013
15169,131911
15169,262673
15169,135813
15169,34270
15169,262491
15169,206499
15169,30340
15169,3741
15169,51254
15169,32899
15169,199952
15169,205389
15169,32592
15169,262610
15169,27287
15169,33915
15169,44454
15169,24638
15169,9710
15169,45916
15169,30889
15169,16097
15169,43073
15169,12519
15169,15008
15169,51873
15169,9902
15169,327782
15169,262973
15169,206701
15169,264290
15169,61525
15169,62537
15169,4673
15169,394676
15169,53181
15169,50352
15169,38322
15169,204346
15169,267613
15169,20857
15169,135227
15169,29636
15169,35297
15169,131613
15169,135177
15169,202867
15169,13895
15169,264564
15169,205298
15169,136303
15169,134355
15169,11635
15169,37181
15169,262896
15169,9167
15169,6473
15169,264022
15169,31653
15169,23774
15169,135226
15169,52873
15169,48821
15169,43022
15169,45634
15169,52078
15169,17012
15169,47264
15169,29203
15169,2381
15169,9381
15169,48768
15169,262968
15169,4788
15169,133936
15169,266044
15169,52952
15169,11468
15169,8502
15169,203140
15169,37662
15169,37356
15169,134250
15169,1547
15169,43503
15169,376
15169,263165
15169,60695
15169,2527
15169,263321
15169,266167
15169,132934
15169,203155
15169,203157
15169,54327
15169,395332
15169,2200
15169,204019
15169,18559
15169,45489
15169,42649
15169,201401
15169,11071
15169,39545
15169,9873
15169,25148
15169,45758
15169,34135
15169,265715
15169,28685
15169,63916
15169,46692
15169,15685
15169,15657
15169,45037
15169,61871
15169,36001
15169,41847
15169,8778
15169,22748
15169,24535
15169,393965
15169,33554
15169,263912
15169,44000
15169,25248
15169,328356
15169,264575
15169,49888
15169,21412
15169,39326
15169,49025
15169,59444
15169,37628
15169,61582
15169,61935
15169,13857
15169,44583
15169,41044
15169,4761
15169,28224
15169,38197
15169,204880
15169,8816
15169,263484
15169,133070
15169,25234
15169,5602
15169,14453
15169,394749
15169,20161
15169,6659
15169,264130
15169,49344
15169,52550
15169,20986
15169,57363
15169,133278
15169,205717
15169,13722
15169,9342
15169,327908
15169,6917
15169,17683
15169,266776
15169,60662
15169,37599
15169,33005
15169,46455
15169,15562
15169,395823
15169,263089
15169,48283
15169,59891
15169,64067
15169,23881
15169,52169
15169,25516
15169,206776
15169,5413
15169,395970
15169,24880
15169,56038
15169,201641
15169,26930
15169,54290
15169,262732
15169,51947
15169,47697
15169,202265
15169,45014
15169,34867
15169,13045
15169,196979
15169,39821
15169,207097
15169,29215
15169,205296
15169,37684
15169,47699
15169,22431
15169,49685
15169,393350
15169,50384
15169,38016
15169,197964
15169,131937
15169,132895
15169,201843
15169,29488
15169,199846
15169,135847
15169,28748
15169,28280
15169,8784
15169,205572
15169,16734
15169,38651
15169,28145
15169,202276
15169,8339
15169,31939
15169,4780
15169,20647
15169,39405
15169,21765
15169,20804
15169,12695
15169,42310
15169,12305
15169,26531
15169,53070
15169,264531
15169,39104
15169,56990
15169,28168
15169,56662
15169,49594
15169,12360
15169,198126
15169,57043
15169,29608
15169,265830
15169,2857
15169,13657
15169,17088
15169,15388
15169,263311
15169,53147
15169,14589
15169,15366
15169,5521
15169,266387
15169,203742
15169,4581
15169,26792
15169,42587
15169,59990
15169,9500
15169,42949
15169,133664
15169,197540
15169,198682
15169,132535
15169,6648
15169,52941
15169,31863
15169,9667
15169,21513
15169,197099
15169,18683
15169,49524
15169,23838
15169,28239
15169,262527
15169,206120
15169,53008
15169,60350
15169,132405
15169,28598
15169,17685
15169,56882
15169,53106
15169,25653
15169,1101
15169,20722
15169,13739
15169,57141
15169,55814
15169,132770
15169,23473
15169,8714
15169,61438
15169,34723
15169,53087
15169,28658
15169,264009
15169,262650
15169,38726
15169,11142
15169,23171
15169,34966
15169,7529
15169,51405
15169,44099
15169,12703
15169,199451
15169,134337
15169,62782
15169,200077
15169,63928
15169,199332
15169,41644
15169,132933
15169,41073
15169,6776
15169,44901
15169,64476
15169,136956
15169,46489
15169,53264
15169,47720
15169,264580
15169,133235
15169,23824
15169,262376
15169,53050
15169,43709
15169,135848
15169,328178
15169,133011
15169,25818
15169,8839
15169,29140
15169,15502
15169,36889
15169,56258
15169,29278
15169,48620
15169,39764
15169,262809
15169,31972
15169,29866
15169,45942
15169,39356
15169,56575
15169,11830
15169,28576
15169,206479
15169,263072
15169,35280
15169,29897
15169,23498
15169,33073
15169,135292
15169,262847
15169,8001
15169,35753
15169,13150
15169,200507
15169,395768
15169,52302
15169,48694
15169,5650
15169,58226
15169,263606
15169,206924
15169,133469
15169,131270
15169,264096
15169,64112
15169,23342
15169,201126
15169,59699
15169,12985
15169,28684
15169,6623
15169,207153
15169,201764
15169,28110
15169,206314
15169,33353
15169,40068
15169,28343
15169,57089
15169,38207
15169,39915
15169,59545
15169,58599
15169,2514
15169,24259
15169,59127
15169,25459
15169,35548
15169,25482
15169,34422
15169,134853
15169,12713
15169,51048
15169,32217
15169,29909
15169,44356
15169,20121
15169,264582
15169,1280
15169,31133
15169,205384
15169,50370
15169,55270
15169,197592
15169,52660
15169,22781
15169,64260
15169,41119
15169,16242
15169,28306
15169,268222
15169,18046
15169,198072
15169,37613
15169,28917
15169,38790
15169,52884
15169,59497
15169,44024
15169,39179
15169,131938
15169,33452
15169,28859
15169,327767
15169,50247
15169,198187
15169,9129
15169,12605
15169,132454
15169,54841
15169,9416
15169,58793
15169,263544
15169,7162
15169,36902
15169,34660
15169,44994
15169,53389
15169,34224
15169,47617
15169,56065
15169,24572
15169,205058
15169,200455
15169,395880
15169,2818
15169,59410
15169,58910
15169,263401
15169,63034
15169,51018
15169,35843
15169,200852
15169,21880
15169,267573
15169,52613
15169,40528
15169,8535
15169,135686
15169,51159
15169,29222
15169,266925
15169,36012
15169,30870
15169,48374
15169,36222
15169,262807
15169,3267
15169,24641
15169,200083
15169,1836
15169,32397
15169,51101
15169,29329
15169,25885
15169,6775
15169,132022
15169,8903
15169,28624
15169,6752
15169,262711
15169,50968
15169,45184
15169,41552
15169,23624
15169,28309
15169,262696
15169,262766
15169,394625
15169,61215
15169,36874
15169,262901
15169,32934
15169,328251
15169,36008
15169,52106
15169,135735
15169,36374
15169,30722
15169,262988
15169,131609
15169,50023
15169,39560
15169,394738
15169,41139
15169,8553
15169,200924
15169,18227
15169,1645
15169,52846
15169,204526
15169,6169
15169,15435
15169,6738
15169,57782
15169,62469
15169,10835
15169,12290
15169,9197
15169,26914
15169,206910
15169,265999
15169,6122
15169,20546
15169,327960
15169,8950
15169,201877
15169,28135
15169,4270
15169,43495
15169,196922
15169,263009
15169,53224
15169,28189
15169,199256
15169,39832
15169,40545
15169,49375
15169,203574
15169,24971
15169,43930
15169,47927
15169,52962
15169,11403
15169,199947
15169,19783
15169,47949
15169,55394
15169,40739
15169,52611
15169,134026
15169,266847
15169,52858
15169,56972
15169,264861
15169,29550
15169,49290
15169,197551
15169,23576
15169,47869
15169,262488
15169,13896
15169,9877
15169,267522
15169,6855
15169,23138
15169,53678
15169,263587
15169,264723
15169,8195
15169,55865
15169,49362
15169,49920
15169,36898
15169,21221
15169,9115
15169,199939
15169,133315
15169,204786
15169,28668
15169,52836
15169,263003
15169,17907
15169,197219
15169,205917
15169,2688
15169,45737
15169,50986
15169,38107
15169,45411
15169,9031
15169,203507
15169,57219
15169,197837
15169,13823
15169,13194
15169,198988
15169,136533
15169,265185
15169,42669
15169,10006
15169,198517
15169,264101
15169,20717
15169,6619
15169,9304
15169,52896
15169,35000
15169,60602
15169,206442
15169,267095
15169,45960
15169,9029
15169,197892
15169,47866
15169,19468
15169,263985
15169,395434
15169,38883
15169,18094
15169,34056
15169,21333
15169,20783
15169,197033
15169,53013
15169,45677
15169,47302
15169,262343
15169,32338
15169,2914
15169,46435
15169,17535
15169,23393
15169,46609
15169,10733
15169,50710
15169,45054
15169,668
15169,26554
15169,43013
15169,35761
15169,15447
15169,54182
15169,42831
15169,4693
15169,203547
15169,21485
15169,13878
15169,45230
15169,58273
15169,11179
15169,5390
15169,58765
15169,42198
15169,134871
15169,396960
15169,64213
15169,131285
15169,137922
15169,54154
15169,197902
15169,264268
15169,27747
15169,27553
15169,42667
15169,42228
15169,45956
15169,766
15169,15699
15169,9226
15169,54042
15169,60595
15169,37308
15169,27865
15169,200155
15169,12555
15169,3061
15169,47232
15169,135754
15169,262672
15169,31246
15169,199787
15169,56595
15169,2854
15169,53195
15169,262792
15169,137251
15169,39702
15169,8823
15169,135104
15169,9497
15169,48579
15169,4739
15169,262680
15169,134312
15169,199413
15169,7660
15169,18059
15169,49405
15169,133480
15169,135134
15169,57463
15169,205597
15169,264052
15169,38924
15169,42579
15169,202023
15169,26788
15169,53065
15169,17465
15169,56665
15169,396984
15169,27008
15169,41497
15169,7490
15169,48417
15169,48712
15169,44863
15169,201427
15169,56209
15169,393223
15169,41692
15169,18390
15169,262409
15169,16253
15169,62328
15169,803
15169,11014
15169,204254
15169,394739
15169,9318
15169,327987
15169,28968
15169,133658
15169,64219
15169,203389
15169,266357
15169,199250
15169,200414
15169,63320
15169,136289
15169,29479
15169,58010
15169,21743
15169,57581
15169,36937
15169,328125
15169,11796
15169,61244
15169,200561
15169,30132
15169,198418
15169,133372
15169,34092
15169,22381
15169,136985
15169,200625
15169,8893
15169,33494
15169,34659
15169,15510
15169,47942
15169,62560
15169,132586
15169,262549
15169,3742
15169,28207
15169,202096
15169,36236
15169,32764
15169,8660
15169,262509
15169,199660
15169,200594
15169,14571
15169,30925
15169,206890
15169,202086
15169,33362
15169,19116
15169,9145
15169,63774
15169,200129
15169,13549
15169,267530
15169,133713
15169,28929
15169,24557
15169,33139
15169,32748
15169,8683
15169,6898
15169,7511
15169,513
15169,263374
15169,9607
15169,53766
15169,133120
15169,29259
15169,328255
15169,30931
15169,35053
15169,43578
15169,136743
15169,34868
15169,43407
15169,45838
15169,393470
15169,44259
15169,264552
15169,21500
15169,35054
15169,59384
15169,4775
15169,36958
15169,51300
15169,50020
15169,48858
15169,20670
15169,137900
15169,3661
15169,38819
15169,40191
15169,265141
15169,266652
15169,59439
15169,136336
15169,33480
15169,36408
15169,10494
15169,203703
15169,134942
15169,36492
15169,20473
15169,10282
15169,206359
15169,45932
15169,39479
15169,134033
15169,21099
15169,132458
15169,24441
15169,58656
15169,25190
15169,393565
15169,44217
15169,41268
15169,11077
15169,265389
15169,33930
15169,12843
15169,52376
15169,197405
15169,199061
15169,59670
15169,205344
15169,15773
15169,205216
15169,59611
15169,44444
15169,204281
15169,47764
15169,37276
15169,21976
15169,37363
15169,25795
15169,39449
15169,62275
15169,15734
15169,53165
15169,57119
15169,22772
15169,46562
15169,14860
15169,24916
15169,20773
15169,197965
15169,48237
15169,7600
15169,327850
15169,45684
15169,25385
15169,197833
15169,34442
15169,35311
15169,55761
15169,263154
15169,197736
15169,134265
15169,25905
15169,393662
15169,6735
15169,12883
15169,134946
15169,8328
15169,200781
15169,61124
15169,37678
15169,327930
15169,31877
15169,328334
15169,61943
15169,61044
15169,30990
15169,3326
15169,18403
15169,327995
15169,15830
15169,14602
15169,32105
15169,19515
15169,25593
15169,14746
15169,328038
15169,40028
15169,263361
15169,27988
15169,202169
15169,264062
15169,58408
15169,28265
15169,266039
15169,265498
15169,393807
15169,9246
15169,61689
15169,136990
15169,205272
15169,263405
15169,3220
15169,201637
15169,54987
15169,200052
15169,13006
15169,199599
15169,56630
15169,18081
15169,264342
15169,137445
15169,20960
15169,45587
15169,37314
15169,61673
15169,206981
15169,204994
15169,43323
15169,10030
15169,7849
15169,34393
15169,132203
15169,30076
15169,47169
15169,37652
15169,134278
15169,136323
15169,25605
15169,38022
15169,48291
15169,58473
15169,12102
15169,59110
15169,39931
15169,29452
15169,24951
15169,20718
15169,23641
15169,48919
15169,50620
15169,267232
15169,12687
15169,133023
15169,263647
15169,203765
15169,15962
15169,19662
15169,49415
15169,31222
15169,38220
15169,266468
15169,21392
15169,8676
15169,8859
15169,47217
15169,17961
15169,131917
15169,5583
15169,28166
15169,19257
15169,31474
15169,266211
15169,58627
15169,41264
15169,58453
15169,11191
15169,134548
15169,12348
15169,61200
15169,38987
15169,35366
15169,29245
15169,133971
15169,29686
15169,28152
15169,264381
15169,56949
15169,31117
15169,45804
15169,27272
15169,11233
15169,25376
15169,45768
15169,17922
15169,17666
15169,37549
15169,199226
15169,198560
15169,49218
15169,1659
15169,16082
15169,9658
15169,32479
15169,45954
15169,44334
15169,262427
15169,35998
15169,48310
15169,201531
15169,28768
15169,33764
15169,197318
15169,37640
15169,328216
15169,265074
15169,45235
15169,205413
15169,44337
15169,135780
15169,42227
15169,327824
15169,17898
15169,10297
15169,54998
15169,33920
15169,12353
15169,62887
15169,62763
15169,43341
15169,37345
15169,60890
15169,262571
15169,21321
15169,31725
15169,63221
15169,24955
15169,38622
15169,263055
15169,262745
15169,266156
15169,35695
15169,61242
15169,4777
15169,13591
15169,52751
15169,265238
15169,132540
15169,200031
15169,12741
15169,39319
15169,28589
15169,266448
15169,30818
15169,207044
15169,34960
15169,36388
15169,7459
15169,27566
15169,53095
15169,263569
15169,29522
15169,60624
15169,29791
15169,24252
15169,27647
15169,16243
15169,202766
15169,394354
15169,28760
15169,6853
15169,28773
15169,55039
15169,35425
15169,198604
15169,13868
15169,12491
15169,37150
15169,7527
15169,264437
15169,25525
15169,203687
15169,45582
15169,17306
15169,264020
15169,42774
15169,53610
15169,35489
15169,62455
15169,24321
15169,199496
15169,197888
15169,197447
15169,18119
15169,1424
15169,268468
15169,42656
15169,29605
15169,27318
15169,49983
15169,28667
15169,28352
15169,264138
15169,19465
15169,5418
15169,9370
15169,327826
15169,22113
15169,9085
15169,44494
15169,62296
15169,133615
15169,17895
15169,47143
15169,3320
15169,50923
15169,28590
15169,266998
15169,7247
15169,20799
15169,264191
15169,17747
15169,226
15169,9930
15169,202006
15169,21069
15169,262952
15169,34661
15169,49544
15169,22919
15169,42004
15169,39310
15169,203985
15169,134246
15169,52697
15169,131923
15169,50066
15169,39615
15169,265886
15169,51290
15169,50010
15169,58717
15169,134375
15169,2497
15169,15224
15169,27299
15169,23713
15169,133718
15169,32244
15169,35505
15169,29583
15169,12578
15169,393713
15169,61805
15169,41435
15169,54329
15169,34450
15169,28183
15169,263567
15169,57478
15169,58678
15169,46618
15169,8641
15169,14282
15169,17726
15169,26106
15169,49761
15169,2518
15169,34106
15169,49787
15169,132863
15169,49964
15169,7155
15169,37054
15169,20640
15169,200478
15169,328270
15169,262466
15169,7594
15169,51313
15169,41678
15169,13319
15169,24730
15169,43573
15169,28545
15169,53221
15169,62512
15169,24806
15169,264704
15169,8587
15169,56534
15169,31400
15169,200700
15169,49360
15169,37996
15169,35614
15169,56349
15169,32160
15169,136175
15169,7539
15169,18650
15169,22634
15169,263329
15169,198766
15169,46920
15169,132215
15169,53454
15169,327745
15169,262457
15169,57199
15169,19930
15169,198335
15169,42541
15169,54359
15169,36707
15169,45240
15169,199230
15169,10225
15169,52661
15169,137166
15169,394232
15169,1103
15169,29590
15169,23682
15169,264069
15169,11708
15169,135852
15169,13703
15169,41412
15169,41913
15169,263880
15169,266098
15169,24492
15169,31029
15169,132680
15169,264367
15169,31216
15169,262729
15169,50188
15169,56329
15169,26610
15169,18126
15169,19324
15169,15589
15169,61580
15169,43418
15169,41721
15169,17477
15169,29465
15169,52005
15169,24904
15169,49367
15169,265912
15169,30851
15169,31631
15169,23038
15169,14717
15169,37273
15169,268430
15169,28252
15169,8368
15169,3225
15169,53240
15169,25279
15169,62915
15169,39469
15169,39904
15169,136724
15169,23860
15169,35706
15169,5071
15169,8943
15169,264116
15169,267406
15169,50234
15169,36086
15169,48634
15169,40581
15169,58645
15169,205474
15169,17920
15169,9908
15169,17444
15169,61524
15169,327781
15169,131929
15169,10118
15169,15692
15169,133326
15169,197013
15169,5056
15169,132847
15169,18218
15169,4713
15169,7671
15169,44431
15169,17054
15169,62193
15169,135099
15169,28907
15169,14833
15169,200799
15169,327909
15169,45796
15169,50581
15169,47850
15169,33763
15169,24115
15169,59164
15169,12676
15169,10255
15169,202087
15169,203729
15169,36920
15169,19382
15169,262715
15169,264602
15169,19399
15169,50095
15169,262743
15169,44084
15169,33548
15169,42755
15169,57724
15169,197595
15169,33808
15169,196640
15169,8608
15169,35838
15169,49690
15169,15085
15169,47692
15169,266852
15169,57629
15169,204390
15169,33438
15169,197482
15169,23677
15169,38457
15169,62642
15169,59395
15169,32489
15169,2895
15169,23667
15169,37697
15169,24278
15169,262585
15169,58209
15169,37049
15169,47522
15169,27321
15169,24589
15169,198081
15169,42093
15169,10029
15169,49895
15169,59214
15169,49349
15169,135294
15169,34486
15169,266866
15169,60426
15169,45437
15169,36873
15169,28263
15169,24207
15169,47481
15169,47622
15169,8301
15169,48166
15169,58879
15169,48885
15169,1798
15169,28201
15169,41379
15169,265206
15169,198913
15169,203554
15169,7908
15169,264262
15169,35655
15169,51265
15169,204086
15169,2018
15169,34953
15169,53018
15169,265980
15169,57221
15169,34984
15169,205402
15169,62947
15169,61942
15169,59701
15169,8677
15169,133616
15169,24173
15169,14630
15169,60800
15169,263433
15169,9542
15169,28855
15169,15434
15169,22356
15169,205260
15169,10024
15169,5483
15169,264005
15169,4628
15169,26790
15169,197645
15169,53948
15169,199139
15169,62099
15169,19527
15169,17686
15169,29073
15169,395561
15169,327956
15169,204005
15169,205148
15169,41391
15169,61913
15169,56511
15169,9848
15169,28143
15169,18092
15169,49770
15169,202069
15169,12835
15169,58591
15169,132901
15169,31712
15169,33483
15169,265496
15169,50266
15169,202177
15169,132137
15169,1136
15169,27475
15169,24993
15169,204875
15169,50272
15169,133652
15169,264806
15169,60764
15169,52601
15169,9435
15169,49854
15169,250
15169,62214
15169,55803
15169,7992
15169,267113
15169,33796
15169,203489
15169,136001
15169,28191
15169,42477
15169,61026
15169,8708
15169,22418
15169,58451
15169,4609
15169,264949
15169,267586
15169,3265
15169,25061
15169,37670
15169,133968
15169,197295
15169,46632
15169,6866
15169,52681
15169,25093
15169,54728
15169,11046
15169,197589
15169,5524
15169,200753
15169,198214
15169,33130
15169,62695
15169,6758
15169,8265
15169,55658
15169,198496
15169,135184
15169,265341
15169,48067
15169,18786
15169,4837
15169,23074
15169,6505
15169,61581
15169,28642
15169,52752
15169,264893
15169,49505
15169,136522
15169,16206
15169,11338
15169,35028
15169,21040
15169,38333
15169,42739
15169,13097
15169,13135
15169,265268
15169,266574
15169,3209
15169,198930
15169,52195
15169,202228
15169,51784
15169,21371
15169,48305
15169,56109
15169,37090
15169,21042
15169,134340
15169,23265
15169,328001
15169,50522
15169,21472
15169,11995
15169,29680
15169,265016
15169,51863
15169,40473
15169,20694
15169,14037
15169,22085
15169,61650
15169,57187
15169,44914
15169,135826
15169,57976
15169,26548
15169,327825
15169,37455
15169,136451
15169,199364
15169,3257
15169,4319
15169,41693
15169,18199
15169,32563
15169,61049
15169,53053
15169,5401
15169,18274
15169,5505
15169,41966
15169,134391
15169,23661
15169,197617
15169,18182
15169,53137
15169,62078
15169,395075
15169,135253
15169,14211
15169,9022
15169,53061
15169,23944
15169,50121
15169,7713
15169,21267
15169,47626
15169,5664
15169,40449
15169,197262
15169,12975
15169,60860
15169,5537
15169,31736
15169,25375
15169,267452
15169,5394
15169,17941
15169,9268
15169,36683
15169,18931
15169,5769
15169,42306
15169,12822
15169,136557
15169,200176
15169,264344
15169,34021
15169,50821
15169,5466
15169,25068
15169,51184
15169,9749
15169,6660
15169,12732
15169,31235
15169,47493
15169,31276
15169,18278
15169,263453
15169,5726
15169,202921
15169,56983
15169,19528
15169,45680
15169,50453
15169,40356
15169,8551
15169,1241
15169,262949
15169,135269
15169,42652
15169,63293
15169,133859
15169,57734
15169,43445
15169,131314
15169,11976
15169,263789
15169,7772
15169,52579
15169,32337
15169,52877
15169,13680
15169,30028
15169,29802
15169,43623
15169,37542
15169,327892
15169,20860
15169,27822
15169,328006
15169,55806
15169,134326
15169,39216
15169,265639
15169,49763
15169,45433
15169,31800
15169,38082
15169,133731
15169,57353
15169,199510
15169,25178
15169,39647
15169,199005
15169,3300
15169,266413
15169,17246
15169,62838
15169,16409
15169,58507
15169,36089
15169,197669
15169,198385
15169,263480
15169,18150
15169,30447
15169,8075
15169,21928
15169,197440
15169,31424
15169,17604
15169,136119
15169,44735
15169,327733
15169,53231
15169,6850
15169,32299
15169,198579
15169,137601
15169,328110
15169,16685
15169,266031
15169,136501
15169,198035
15169,22995
15169,5500
15169,31564
15169,26343
15169,394594
15169,14633
15169,61589
15169,199517
15169,262778
15169,5111
15169,1403
15169,11279
15169,20900
15169,203263
15169,2603
15169,201277
15169,18117
15169,17534
15169,263347
15169,263019
15169,59659
15169,327943
15169,52822
15169,25542
15169,7545
15169,39233
15169,45686
15169,4128
15169,132816
15169,9916
15169,14116
15169,62009
15169,8545
15169,134287
15169,6368
15169,53837
15169,262614
15169,6423
15169,199803
15169,62588
15169,15164
15169,327935
15169,20412
15169,263415
15169,53582
15169,43515
15169,5560
15169,267460
15169,135772
15169,58308
15169,14380
15169,328036
15169,10103
15169,395026
15169,34695
15169,29263
15169,53349
15169,60822
15169,59101
15169,50628
15169,23738
15169,31059
15169,42760
15169,63421
15169,200062
15169,52911
15169,35393
15169,52079
15169,8359
15169,39120
15169,29670
15169,264223
15169,197400
15169,44858
15169,42303
15169,44416
15169,56307
15169,43708
15169,37658
15169,32708
15169,10015
15169,262725
15169,47110
15169,263356
15169,51050
15169,51224
15169,52909
15169,9355
15169,263434
15169,13189
15169,46156
15169,17416
15169,11274
15169,11123
15169,59165
15169,28329
15169,37168
15169,11647
15169,42555
15169,29518
15169,60646
15169,30933
15169,59414
15169,7838
15169,262733
15169,21840
15169,24608
15169,8758
15169,4851
15169,263651
15169,202744
15169,262788
15169,61568
15169,196925
15169,264597
15169,199551
15169,49565
15169,24989
15169,262434
15169,20832
15169,8550
15169,263362
15169,17426
15169,53191
15169,136603
15169,43190
15169,39543
15169,327700
15169,135246
15169,11835
15169,24931
15169,35551
15169,12714
15169,39704
15169,48500
15169,21453
15169,24592
15169,262676
15169,8819
15169,138041
15169,41405
15169,396253
15169,5645
15169,16039
15169,262811
15169,53218
15169,264382
15169,57890
15169,53122
15169,264426
15169,328023
15169,395662
15169,198342
15169,47762
15169,14907
15169,5539
15169,202395
15169,55193
15169,60261
15169,198430
15169,27947
15169,43727
15169,30528
15169,13354
15169,5588
15169,37340
15169,24324
15169,3333
15169,12125
15169,58898
15169,328024
15169,263558
15169,266165
15169,135031
15169,55391
15169,28066
15169,31715
15169,16376
15169,267196
15169,55350
15169,39392
15169,48526
15169,24255
15169,53067
15169,27418
15169,30130
15169,5568
15169,10098
15169,48519
15169,132245
15169,9892
15169,13000
15169,12759
15169,60752
15169,4058
15169,13214
15169,29430
15169,21409
15169,196881
15169,199837
15169,35348
15169,33011
15169,18888
15169,16030
15169,7337
15169,7385
15169,15211
15169,200005
15169,38887
15169,263336
15169,49515
15169,12312
15169,29083
15169,262828
15169,31673
15169,56272
15169,41160
15169,327983
15169,327911
15169,30549
15169,267279
15169,52102
15169,262902
15169,24642
15169,8674
15169,44684
15169,18001
15169,201020
15169,17645
15169,56628
15169,5009
15169,37187
15169,136626
15169,202971
15169,13489
15169,29491
15169,20917
15169,45910
15169,57498
15169,202418
15169,26972
15169,15305
15169,8657
15169,51823
15169,263053
15169,48641
15169,132957
15169,9070
15169,197437
15169,132146
15169,197473
15169,266133
15169,267458
15169,44219
15169,138296
15169,9116
15169,9605
15169,14204
15169,28037
15169,23314
15169,207187
15169,59196
15169,44712
15169,57332
15169,54540
15169,328336
15169,264925
15169,137831
15169,199434
15169,206319
15169,205388
15169,23655
15169,39470
15169,53094
15169,47914
15169,18052
15169,15247
15169,328197
15169,50858
15169,64227
15169,54578
15169,133421
15169,37199
15169,267277
15169,13303
15169,51555
15169,328156
15169,46525
15169,8820
15169,43561
15169,17955
15169,265950
15169,63290
15169,199435
15169,11979
15169,29091
15169,205005
15169,131477
15169,21488
15169,30886
15169,199974
15169,395478
15169,262462
15169,41201
15169,13807
15169,133296
15169,200020
15169,62182
15169,203505
15169,27471
15169,25152
15169,31742
15169,262644
15169,62715
15169,197075
15169,262464
15169,30962
15169,31167
15169,132167
15169,52625
15169,133846
15169,10204
15169,51931
15169,328229
15169,36730
15169,263080
15169,15703
15169,60522
15169,23783
15169,328220
15169,201290
15169,51409
15169,37195
15169,395559
15169,30259
15169,394744
15169,52531
15169,132774
15169,9092
15169,18282
15169,266460
15169,131744
15169,201261
15169,28725
15169,23816
15169,262700
15169,28130
15169,37720
15169,48399
15169,131918
15169,15879
15169,42567
15169,137102
15169,262428
15169,264311
15169,48487
15169,397116
15169,202085
15169,134035
15169,199790
15169,21161
15169,265426
15169,262468
15169,264359
15169,262448
15169,44981
15169,12849
15169,262518
15169,15177
15169,58868
15169,62040
15169,21140
15169,38861
15169,59318
15169,205099
15169,51920
15169,32437
15169,16880
15169,60447
15169,35156
15169,47138
15169,16509
15169,58505
15169,132734
15169,136668
15169,30740
15169,132255
15169,59102
15169,51395
15169,14829
15169,263049
15169,31383
15169,24990
15169,198507
15169,6994
15169,395487
15169,53889
15169,59507
15169,10678
15169,262417
15169,25229
15169,3303
15169,263591
15169,204207
15169,206819
15169,53184
15169,8544
15169,263903
15169,12196
15169,58552
15169,37412
15169,6908
15169,10001
15169,46276
15169,9137
15169,262611
15169,20559
15169,135792
15169,20940
15169,203520
15169,200187
15169,9351
15169,262773
15169,28255
15169,28649
15169,134743
15169,48452
15169,199346
15169,40999
15169,7562
15169,11190
15169,8968
15169,205996
15169,8100
15169,200023
15169,24594
15169,47096
15169,54816
15169,262993
15169,2594
15169,52280
15169,37179
15169,29049
15169,51055
15169,16073
15169,13213
15169,49981
15169,135876
15169,132132
15169,265260
15169,196729
15169,2515
15169,37656
15169,264911
15169,34187
15169,16876
15169,47999
15169,15935
15169,135706
15169,60082
15169,33419
15169,198288
15169,12188
15169,28226
15169,41041
15169,51394
15169,133301
15169,62523
15169,43996
15169,262854
15169,135301
15169,8723
15169,52510
15169,266534
15169,45873
15169,5582
15169,64208
15169,28666
15169,52878
15169,8315
15169,44141
15169,4150
15169,12540
15169,52769
15169,29512
15169,206720
15169,58430
15169,51324
15169,11271
15169,819
15169,63888
15169,262444
15169,23827
15169,263649
15169,264071
15169,133159
15169,202314
15169,202253
15169,50304
15169,263661
15169,24645
15169,5089
15169,202761
15169,62244
15169,5603
15169,60388
15169,198792
15169,28877
15169,60876
15169,61522
15169,48136
15169,50989
15169,9997
15169,17473
15169,201081
15169,64238
15169,29596
15169,8596
15169,200738
15169,39102
15169,41549
15169,6768
15169,46886
15169,132988
15169,63931
15169,53175
15169,263353
15169,27848
15169,204662
15169,133674
15169,28876
15169,47605
15169,16397
15169,2682
15169,134874
15169,55651
15169,12931
15169,26689
15169,262478
15169,39202
15169,28258
15169,266365
15169,43995
15169,18616
15169,59129
15169,23563
15169,395097
15169,133579
15169,29974
15169,15693
15169,52438
15169,197197
15169,51944
15169,8282
15169,56229
15169,21724
15169,21034
15169,2484
15169,4685
15169,133934
15169,43541
15169,135817
15169,16637
15169,53727
15169,135423
15169,32425
15169,203815
15169,135834
15169,34610
15169,28328
15169,59371
15169,62818
15169,393513
15169,38195
15169,9049
15169,6834
15169,133865
15169,48326
15169,32806
15169,201548
15169,134341
15169,39777
15169,135192
15169,18106
15169,24218
15169,51708
15169,22324
15169,327950
15169,24271
15169,44654
15169,61826
15169,197046
15169,197307
15169,30914
15169,20504
15169,553
15169,60144
15169,61430
15169,6968
15169,52848
15169,36994
15169,46401
15169,6057
15169,201502
15169,136779
15169,42830
15169,43289
15169,48173
15169,60357
15169,28216
15169,3549
15169,8648
15169,327822
15169,52726
15169,15433
15169,7477
15169,394367
15169,53037
15169,262268
15169,38090
15169,135854
15169,201333
15169,28792
15169,33941
15169,47638
15169,3255
15169,13004
15169,24703
15169,11845
15169,327698
15169,28656
15169,199421
15169,26038
15169,16406
15169,51043
15169,2153
15169,131926
15169,18450
15169,198551
15169,52559
15169,33081
15169,32546
15169,35432
15169,197985
15169,52468
15169,2863
15169,40526
15169,16524
15169,8728
15169,31472
15169,207083
15169,20771
15169,33047
15169,13329
15169,49088
15169,45528
15169,262206
15169,265427
15169,34572
15169,202627
15169,27345
15169,24033
15169,9186
15169,262671
15169,15772
15169,50300
15169,49605
15169,30122
15169,132961
15169,34407
15169,61744
15169,30838
15169,41006
15169,35833
15169,37157
15169,2614
15169,60532
15169,59953
15169,264425
15169,262699
15169,265347
15169,39551
15169,61503
15169,55429
15169,207080
15169,38639
15169,265184
15169,263877
15169,11260
15169,15456
15169,9534
15169,57269
15169,14280
15169,199659
15169,29104
15169,21548
15169,47480
15169,131248
15169,327966
15169,52770
15169,57101
15169,134256
15169,24514
15169,28244
15169,17689
15169,7048
15169,61006
15169,62184
15169,132376
15169,266844
15169,47872
15169,39444
15169,262617
15169,262692
15169,49633
15169,11269
15169,12392
15169,59970
15169,42947
15169,202313
15169,262957
15169,60497
15169,32415
15169,59605
15169,8953
15169,262669
15169,49386
15169,23148
15169,3786
15169,14371
15169,264453
15169,264681
15169,12381
15169,4766
15169,132579
15169,29649
15169,2486
15169,37239
15169,7784
15169,52824
15169,6718
15169,62708
15169,28591
15169,262481
15169,60924
15169,51752
15169,14537
15169,263086
15169,41446
15169,4004
15169,22964
15169,199670
15169,25441
15169,24538
15169,34655
15169,15348
15169,198401
15169,21250
15169,6876
15169,9824
15169,132435
15169,24183
15169,43893
15169,55381
15169,201791
15169,134078
15169,62230
15169,39801
15169,24889
15169,4557
15169,54523
15169,58792
15169,63450
15169,35007
15169,9033
15169,32421
15169,133692
15169,59126
15169,31304
15169,37235
15169,133311
15169,61266
15169,52794
15169,28606
15169,8764
15169,44451
15169,29246
15169,20565
15169,23731
15169,28198
15169,24875
15169,8246
15169,203690
15169,264827
15169,200043
15169,264785
15169,132568
15169,20764
15169,26479
15169,13002
15169,6366
15169,31084
15169,200539
15169,20634
15169,328032
15169,56190
15169,134881
15169,15704
15169,28640
15169,52290
15169,58146
15169,15743
15169,8449
15169,132960
15169,134012
15169,209
15169,10010
15169,196670
15169,136673
15169,13926
15169,262791
15169,43656
15169,263688
15169,203968
15169,23201
15169,263508
15169,53156
15169,41157
15169,45194
15169,17705
15169,9622
15169,37525
15169,264983
15169,61873
15169,23184
15169,133232
15169,31708
15169,53154
15169,18049
15169,8926
15169,262632
15169,263982
15169,199410
15169,31042
15169,6682
15169,60486
15169,56611
15169,396303
15169,38181
15169,39605
15169,58067
15169,23114
15169,63242
15169,12041
15169,25091
15169,12510
15169,39257
15169,34578
15169,36916
15169,12338
15169,262485
15169,202022
15169,26609
15169,29084
15169,263290
15169,266525
15169,41153
15169,328107
15169,47531
15169,24157
15169,52153
15169,33071
15169,47474
15169,23669
15169,264492
15169,61709
15169,263968
15169,20953
15169,40805
15169,4826
15169,7752
15169,680
15169,10036
15169,134399
15169,5430
15169,23780
15169,43853
15169,41811
15169,37692
15169,262578
15169,14824
15169,24043
15169,41206
15169,57864
15169,38321
15169,199071
15169,36351
15169,37286
15169,24739
15169,198435
15169,38043
15169,4647
15169,14558
15169,25557
15169,8400
15169,49492
15169,53135
15169,6102
15169,60501
15169,133749
15169,41820
15169,43858
15169,8518
15169,37916
15169,37611
15169,262469
15169,36444
15169,133959
15169,7782
15169,34087
15169,20911
15169,17483
15169,199319
15169,9264
15169,35826
15169,47027
15169,52981
15169,264768
15169,50655
15169,19108
15169,196621
15169,3250
15169,7672
15169,42476
15169,198726
15169,59123
15169,265065
15169,262537
15169,133309
15169,2606
15169,134916
15169,132953
15169,64255
15169,394018
15169,42473
15169,38809
15169,11051
15169,262750
15169,28007
15169,53116
15169,50673
15169,6695
15169,12480
15169,53097
15169,265147
15169,265027
15169,18541
15169,328058
15169,62113
15169,134848
15169,25504
15169,50245
15169,131933
15169,133967
15169,59169
15169,22518
15169,199706
15169,12941
15169,200889
15169,36692
15169,25291
15169,20915
15169,8767
15169,34758
15169,39614
15169,13917
15169,135729
15169,14061
15169,32204
15169,23308
15169,25386
15169,135207
15169,32233
15169,132754
15169,53187
15169,64404
15169,394111
15169,46506
15169,61194
15169,28124
15169,204345
15169,11722
15169,50061
15169,52610
15169,265061
15169,15874
15169,56324
15169,137874
15169,11478
15169,20847
15169,43942
15169,29462
15169,136521
15169,205603
15169,2847
15169,2529
15169,41753
15169,7311
15169,17378
15169,14868
15169,262355
15169,266926
15169,30517
15169,16839
15169,262761
15169,47406
15169,196967
15169,1764
15169,57910
15169,266374
15169,39090
15169,17889
15169,37153
15169,198529
15169,12625
15169,203201
15169,60277
15169,5541
15169,19689
15169,39781
15169,6507
15169,56704
15169,263776
15169,12775
15169,28163
15169,267085
15169,48793
15169,262589
15169,21263
15169,132882
15169,47242
15169,207036
15169,8530
15169,202053
15169,30133
15169,13427
15169,133724
15169,50387
15169,10310
15169,31122
15169,35266
15169,63920
15169,133589
15169,45816
15169,202796
15169,28368
15169,197294
15169,136636
15169,134850
15169,27464
15169,264244
15169,53199
15169,136168
15169,42896
15169,27979
15169,28229
15169,15054
15169,263047
15169,54588
15169,20984
15169,31019
15169,59862
15169,204995
15169,18149
15169,62047
15169,39351
15169,852
15169,20849
15169,264127
15169,9680
15169,196749
15169,25151
15169,12362
15169,132453
15169,136620
15169,48461
15169,9519
15169,12327
15169,50467
15169,43668
15169,197883
15169,49232
15169,17310
15169,33923
15169,28126
15169,43451
15169,25424
15169,52075
15169,12553
15169,38456
15169,28299
15169,263541
15169,136764
15169,60171
15169,25002
15169,26592
15169,34820
15169,21211
15169,203851
15169,52736
15169,52544
15169,29545
15169,266020
15169,557
15169,3261
15169,12874
15169,21385
15169,31034
15169,205555
15169,15296
15169,40470
15169,5564
15169,52051
15169,8788
15169,266121
15169,395354
15169,18840
15169,6922
15169,201518
15169,39637
15169,60271
15169,16735
15169,12496
15169,328337
15169,28131
15169,263833
15169,16302
15169,41490
15169,8966
15169,328239
15169,44953
15169,30466
15169,136364
15169,57356
15169,206299
15169,2134
15169,62638
15169,28330
15169,61659
15169,49378
15169,57811
15169,44194
15169,49300
15169,48956
15169,263327
15169,55967
15169,131931
15169,267428
15169,43406
15169,39318
15169,54376
15169,12479
15169,55819
15169,28663
15169,12512
15169,134835
15169,25715
15169,198525
15169,6307
15169,48846
15169,262780
15169,30823
15169,786
15169,265806
15169,42237
15169,31543
15169,17958
15169,8310
15169,45775
15169,53563
15169,263525
15169,34510
15169,35090
15169,59554
15169,198203
15169,63199
15169,45589
15169,198591
15169,394449
15169,28305
15169,61349
15169,42204
15169,23673
15169,199723
15169,32869
15169,34419
15169,45945
15169,51580
15169,7005
15169,48648
15169,41289
15169,135553
15169,37028
15169,37342
15169,37055
15169,24577
15169,25133
15169,132865
15169,37035
15169,4922
15169,9443
15169,17408
15169,327894
15169,262739
15169,59125
15169,49820
15169,137139
15169,9266
15169,262429
15169,38084
15169,8879
15169,201950
15169,51960
15169,200577
15169,1680
15169,6653
15169,263478
15169,173
15169,263801
15169,61323
15169,135425
15169,22548
15169,28001
15169,204126
15169,53043
15169,44489
15169,48767
15169,136296
15169,205165
15169,267478
15169,262834
15169,203640
15169,9621
15169,52009
15169,37315
15169,53072
15169,35399
15169,328114
15169,136373
15169,135266
15169,135257
15169,60798
15169,45896
15169,196752
15169,34304
15169,137138
15169,40627
15169,10973
15169,201505
15169,9797
15169,35369
15169,51040
15169,41562
15169,267280
15169,52236
15169,8492
15169,3356
15169,10474
15169,28187
15169,21527
15169,135753
15169,199265
15169,31617
15169,4680
15169,31127
15169,47628
15169,3213
15169,8866
15169,42411
15169,46235
15169,9293
15169,16851
15169,264331
15169,41690
15169,44002
15169,15191
15169,263128
15169,209987
15169,2905
15169,52275
15169,394144
15169,200089
15169,15624
15169,58243
15169,264301
15169,26271
15169,42181
15169,52551
15169,28359
15169,262893
15169,28211
15169,48268
15169,135793
15169,41059
15169,55482
15169,328064
15169,13287
15169,136677
15169,266993
15169,14203
15169,6295
15169,51185
15169,5378
15169,328137
15169,199938
15169,265644
15169,10026
15169,17017
15169,33361
15169,26162
15169,22080
15169,133255
15169,4666
15169,3233
15169,36445
15169,54210
15169,50017
15169,60884
15169,36734
15169,4704
15169,24088
15169,199341
15169,4677
15169,263324
15169,262891
15169,42695
15169,28801
15169,21351
15169,26496
15169,4678
15169,31017
15169,201222
15169,51795
15169,28577
15169,11714
15169,132296
15169,58578
15169,24220
15169,205811
15169,203605
15169,54665
15169,42612
15169,57055
15169,32751
15169,5662
15169,134705
15169,9931
15169,204909
15169,22363
15169,23629
15169,262784
15169,206559
15169,4651
15169,12329
15169,45496
15169,51083
15169,11272
15169,16713
15169,41736
15169,203416
15169,49653
15169,25084
15169,131274
15169,19518
15169,9211
15169,47841
15169,3701
15169,22300
15169,264765
15169,205988
15169,27255
15169,61053
15169,31662
15169,37403
15169,48913
15169,28241
15169,28073
15169,18068
15169,59940
15169,15256
15169,37457
15169,28311
15169,53142
15169,53178
15169,52908
15169,52932
15169,23748
15169,199113
15169,6079
15169,63128
15169,52091
15169,199937
15169,40788
15169,43509
15169,63028
15169,49824
15169,50994
15169,266803
15169,263057
15169,53196
15169,53282
15169,26677
15169,267124
15169,31317
15169,53127
15169,8283
15169,60458
15169,63003
15169,262372
15169,132976
15169,10429
15169,35320
15169,205810
15169,23404
15169,262587
15169,16350
15169,132931
15169,8374
15169,53140
15169,39072
15169,9989
15169,19919
15169,198380
15169,50088
15169,44600
15169,132267
15169,2635
15169,9650
15169,59415
15169,54929
15169,136552
15169,135060
15169,4694
15169,201602
15169,53166
15169,199118
15169,38289
15169,204631
15169,58941
15169,135262
15169,58405
15169,57821
15169,13009
15169,204258
15169,33922
15169,206316
15169,263853
15169,52923
15169,6327
15169,4760
15169,49638
15169,135406
15169,52662
15169,45903
15169,12083
15169,22556
15169,51483
15169,131912
15169,263470
15169,200303
15169,262502
15169,61588
15169,34066
15169,16218
15169,50343
15169,62593
15169,17682
15169,58927
15169,262539
15169,16912
15169,49835
15169,39287
15169,8878
15169,50809
15169,57228
15169,56550
15169,33835
15169,132890
15169,37519
15169,264948
15169,56449
15169,22645
15169,10578
15169,30640
15169,7522
15169,45638
15169,393225
15169,37693
15169,35579
15169,29404
15169,265356
15169,40029
15169,32780
15169,198570
15169,14713
15169,4773
15169,58436
15169,701
15169,205705
15169,264189
15169,41096
15169,7617
15169,30781
15169,15802
15169,198249
15169,57877
15169,39251
15169,19817
15169,6762
15169,199335
15169,33932
15169,39816
15169,51391
15169,197766
15169,45158
15169,8095
15169,34409
15169,24203
15169,38719
15169,266263
15169,5631
15169,8922
15169,262737
15169,24852
15169,328173
15169,50360
15169,52444
15169,37271
15169,7664
15169,15377
15169,199201
15169,53111
15169,262868
15169,55353
15169,44611
15169,63541
15169,201942
15169,60022
15169,133982
15169,201990
15169,34683
15169,41281
15169,5503
15169,43545
15169,3252
15169,30539
15169,263124
15169,34602
15169,17608
15169,15925
15169,31577
15169,61928
15169,31459
15169,38541
15169,7670
15169,132894
15169,135171
15169,3856
15169,29003
15169,24249
15169,6777
15169,37079
15169,197692
15169,48654
15169,49052
15169,134671
15169,39522
15169,12808
15169,133930
15169,23786
15169,263652
15169,8932
15169,13249
15169,38949
15169,23889
15169,17356
15169,37673
15169,12773
15169,196957
15169,43142
15169,2860
15169,29037
15169,17707
15169,8403
15169,4648
15169,198313
15169,35074
15169,267264
15169,201838
15169,39391
15169,202384
15169,49528
15169,64477
15169,40034
15169,4043
15169,37675
15169,262724
15169,47708
15169,30813
15169,13101
15169,206313
15169,62824
15169,17766
15169,263395
15169,264233
15169,262259
15169,49463
15169,16523
15169,266094
15169,53114
15169,262983
15169,263251
15169,55839
15169,23089
15169,33302
15169,53211
15169,53131
15169,37317
15169,266201
15169,42643
15169,134262
15169,51406
15169,7628
15169,42266
15169,11666
15169,32880
15169,41230
15169,40700
15169,45510
15169,57029
15169,9044
15169,20676
15169,8391
15169,31621
15169,59702
15169,35180
15169,132142
15169,30827
15169,11888
15169,263665
15169,52721
15169,28156
15169,40676
15169,64200
15169,205916
15169,30600
15169,22652
15169,34218
15169,10094
15169,41508
15169,36280
15169,21859
15169,39905
15169,15895
15169,23930
15169,35717
15169,52539
15169,24748
15169,63055
15169,58972
15169,12033
15169,7489
15169,14115
15169,29687
15169,38753
15169,50607
15169,23627
15169,7521
15169,40217
15169,28654
15169,265959
15169,49627
15169,136353
15169,17511
15169,200548
15169,25761
15169,198537
15169,62499
15169,53066
15169,51933
15169,197216
15169,396302
15169,20621
15169,9121
15169,9328
15169,5416
15169,18121
15169,53158
15169,11948
15169,15422
15169,62217
15169,12969
15169,6697
15169,24429
15169,12876
15169,559
15169,12333
15169,47372
15169,55850
15169,203667
15169,44160
15169,4795
15169,21367
15169,61955
15169,9652
15169,63023
15169,62059
15169,48728
15169,52092
15169,47884
15169,15600
15169,18264
15169,134171
15169,262862
15169,263964
15169,48635
15169,40764
15169,59761
15169,265464
15169,44123
15169,57033
15169,18596
15169,17732
15169,198374
15169,55081
15169,204264
15169,5459
15169,28153
15169,53102
15169,204893
15169,206663
15169,2595
15169,13246
15169,40911
15169,29449
15169,29551
15169,14627
15169,262756
15169,199422
15169,8513
15169,206264
15169,53115
15169,200602
15169,203937
15169,137164
15169,49296
15169,57945
15169,199995
15169,43890
15169,201900
15169,812
15169,47998
15169,61317
15169,45269
15169,264335
15169,31147
15169,25751
15169,35592
15169,55219
15169,51561
15169,44974
15169,30103
15169,48666
15169,51390
15169,262612
15169,52765
15169,24586
15169,16210
15169,34942
15169,262167
15169,24047
15169,32329
15169,44384
15169,2510
15169,395719
15169,3262
15169,20406
15169,8331
15169,263768
15169,134022
15169,4540
15169,265036
15169,24482
15169,262548
15169,19255
15169,62904
15169,28118
15169,24279
15169,38634
15169,44896
15169,136308
15169,25577
15169,33470
15169,13618
15169,264923
15169,53170
15169,200428
15169,37439
15169,45348
15169,16652
15169,18283
15169,61865
15169,48626
15169,263126
15169,264295
15169,15280
15169,855
15169,15695
15169,262374
15169,262388
15169,25764
15169,50292
15169,6717
15169,15960
15169,131916
15169,28604
15169,263120
15169,45753
15169,4657
15169,37417
15169,266368
15169,264854
15169,9694
15169,60975
15169,50823
15169,25914
15169,60032
15169,41960
15169,55879
15169,135724
15169,37482
15169,53732
15169,39661
15169,18422
15169,13381
15169,33845
15169,48659
15169,11404
15169,33748
15169,20830
15169,2734
15169,4385
15169,29413
15169,30071
15169,19082
15169,27924
15169,19653
15169,38757
15169,42401
15169,197394
15169,262704
15169,9229
15169,199101
15169,48850
15169,33082
15169,17939
15169,26288
15169,264397
15169,10778
15169,394725
15169,51257
15169,43436
15169,135771
15169,16211
15169,34019
15169,27026
15169,52887
15169,42717
15169,49063
15169,42525
15169,21388
15169,198151
15169,9957
15169,48145
15169,46015
15169,11550
15169,22384
15169,135193
15169,198040
15169,44034
15169,16265
15169,28634
15169,328145
15169,200995
15169,132166
15169,32277
15169,265209
15169,266713
15169,8220
15169,20924
15169,263548
15169,199218
15169,202562
15169,32738
15169,52866
15169,15419
15169,50575
15169,50597
15169,49695
15169,50767
15169,26282
15169,34624
15169,52925
15169,38040
15169,56203
15169,58969
15169,21832
15169,7606
15169,63270
15169,265933
15169,25596
15169,14586
15169,12350
15169,1930
15169,29231
15169,262493
15169,48945
15169,20686
15169,265478
15169,48602
15169,198184
15169,7578
15169,35017
15169,54312
15169,57896
15169,24186
15169,264872
15169,9999
15169,327962
15169,327897
15169,3361
15169,33182
15169,15516
15169,200960
15169,41399
15169,202936
15169,46416
15169,2499
15169,134067
15169,50606
15169,1239
15169,28554
15169,51468
15169,266793
15169,200983
15169,133684
15169,50763
15169,28327
15169,33072
15169,17997
15169,22616
15169,133873
15169,262999
15169,264409
15169,263384
15169,49909
15169,11758
15169,38199
15169,53145
15169,133275
15169,52967
15169,135328
15169,31328
15169,135814
15169,14026
15169,24251
15169,265021
15169,25309
15169,58966
15169,33737
15169,53589
15169,12315
15169,60427
15169,48559
15169,42775
15169,28219
15169,35184
15169,25512
15169,63126
15169,41522
15169,49709
15169,53059
15169,43554
15169,12824
15169,11910
15169,47297
15169,46195
15169,51706
15169,44964
15169,263499
15169,206758
15169,196928
15169,201001
15169,27400
15169,4637
15169,21413
15169,23779
15169,52532
15169,11030
15169,9371
15169,24277
15169,23520
15169,266390
15169,53169
15169,6456
15169,1251
15169,53222
15169,28788
15169,53708
15169,197520
15169,201661
15169,60534
15169,2647
15169,30688
15169,13409
15169,15426
15169,35267
15169,55176
15169,134280
15169,60804
15169,46849
15169,64252
15169,34288
15169,198554
15169,6325
15169,5511
15169,265317
15169,262365
15169,206813
15169,13760
15169,53001
15169,206342
15169,17494
15169,30736
15169,11096
15169,39737
15169,44646
15169,17828
15169,201453
15169,204543
15169,29119
15169,40015
15169,263963
15169,262195
15169,57279
15169,200142
15169,3367
15169,262346
15169,58601
15169,6677
15169,35244
15169,55569
15169,51426
15169,199490
15169,101
15169,16164
15169,203421
15169,13730
15169,48727
15169,22742
15169,48200
15169,20612
15169,45668
15169,58548
15169,9583
15169,263394
15169,12276
15169,45284
15169,7091
15169,4230
15169,37618
15169,16832
15169,264913
15169,34688
15169,203230
15169,25220
15169,24284
15169,55352
15169,34772
15169,38190
15169,62416
15169,328199
15169,263314
15169,132562
15169,32787
15169,133530
15169,33823
15169,24121
15169,34233
15169,199981
15169,12618
15169,197747
15169,17143
15169,264228
15169,20810
15169,29748
15169,202895
15169,199494
15169,47523
15169,15605
15169,45629
15169,55256
15169,21101
15169,43252
15169,10993
15169,201675
15169,200070
15169,262307
15169,56396
15169,13147
15169,47195
15169,54235
15169,17222
15169,265330
15169,22921
15169,22702
15169,64241
15169,133965
15169,32212
15169,45425
15169,9312
15169,262760
15169,135705
15169,266341
15169,52339
15169,203821
15169,48528
15169,39651
15169,42344
15169,396071
15169,7632
15169,61319
15169,58307
15169,266870
15169,6300
15169,15623
15169,16168
15169,133007
15169,13359
15169,36040
15169,201953
15169,35834
15169,10803
15169,58580
15169,23871
15169,395853
15169,58980
15169,266210
15169,14576
15169,197113
15169,13855
15169,32286
15169,32097
15169,13124
15169,12709
15169,31115
15169,57365
15169,267544
15169,395505
15169,30919
15169,35135
15169,201068
15169,203164
15169,262424
15169,137912
15169,45031
15169,7595
15169,41480
15169,26827
15169,40773
15169,57701
15169,133277
15169,45352
15169,34171
15169,52101
15169,6663
15169,264200
15169,28158
15169,11385
15169,328146
15169,197697
15169,205206
15169,33854
15169,267088
15169,35470
15169,62597
15169,17660
15169,42965
15169,31004
15169,16559
15169,262685
15169,135716
15169,61400
15169,262588
15169,44784
15169,203536
15169,26223
15169,266951
15169,9158
15169,328049
15169,263411
15169,263535
15169,58620
15169,137260
15169,35176
15169,33873
15169,203040
15169,58762
15169,45396
15169,2116
15169,24940
15169,50326
15169,58291
15169,265086
15169,262336
15169,12472
15169,136338
15169,136334
15169,57695
15169,7668
15169,60725
15169,61749
15169,39608
15169,38158
15169,30844
15169,64044
15169,265019
15169,16075
15169,24028
15169,27851
15169,60068
15169,136946
15169,137659
15169,6723
15169,16591
15169,54104
15169,60475
15169,266344
15169,42456
15169,17639
15169,4508
15169,16298
15169,5605
15169,55900
15169,37236
15169,44347
15169,206762
15169,132751
15169,39138
15169,328360
15169,31214
15169,25227
15169,6614
15169,23175
15169,45133
15169,131915
15169,201332
15169,206373
15169,50153
15169,11301
15169,3561
15169,48347
15169,52965
15169,52991
15169,199860
15169,8637
15169,262770
15169,265308
15169,43384
15169,266300
15169,15738
15169,36384
15169,28303
15169,39566
15169,39862
15169,54183
15169,50231
15169,134056
15169,30998
15169,59097
15169,1221
15169,7506
15169,196689
15169,32710
15169,62646
15169,58321
15169,132573
15169,12897
15169,52542
15169,26935
15169,8607
15169,6083
15169,21473
15169,12565
15169,393316
15169,35799
15169,28331
15169,8487
15169,134053
15169,26801
15169,50599
15169,262659
15169,11624
15169,266131
15169,19016
15169,21525
15169,13193
15169,8687
15169,18268
15169,53216
15169,136645
15169,262595
15169,11232
15169,51167
15169,9104
15169,23815
15169,29305
15169,132563
15169,7552
15169,328287
15169,132837
15169,31272
15169,27281
15169,50957
15169,17978
15169,5017
15169,15614
15169,9036
15169,8789
15169,6724
15169,28209
15169,265952
15169,63516
15169,13335
15169,394670
15169,262561
15169,263471
15169,21461
15169,37353
15169,266028
15169,56308
15169,36052
15169,265241
15169,135158
15169,21502
15169,53306
15169,9893
15169,205819
15169,29697
15169,22689
15169,197653
15169,199396
15169,33606
15169,55182
15169,262456
15169,18255
15169,52716
15169,136330
15169,60339
15169,8055
15169,28300
15169,7415
15169,133534
15169,34225
15169,39180
15169,198612
15169,8251
15169,27202
15169,264415
15169,28605
15169,134913
15169,44484
15169,132426
15169,33713
15169,1267
15169,328106
15169,28284
15169,50032
15169,206186
15169,24724
15169,328051
15169,25649
15169,198271
15169,3491
15169,36924
15169,17537
15169,48424
15169,20514
15169,16586
15169,24768
15169,50072
15169,26292
15169,6509
15169,58650
15169,52989
15169,13122
15169,20278
15169,28260
15169,197155
15169,38930
15169,263237
15169,31500
15169,3130
15169,9595
15169,327982
15169,37333
15169,131925
15169,18104
15169,44902
15169,200410
15169,1248
15169,10021
15169,58438
15169,45204
15169,7020
15169,43100
15169,263152
15169,197038
15169,11164
15169,3842
15169,263584
15169,29553
15169,63124
15169,29624
15169,3214
15169,206736
15169,42490
15169,36184
15169,10490
15169,51399
15169,9615
15169,7514
15169,4621
15169,35600
15169,26546
15169,3224
15169,37629
15169,8896
15169,53780
15169,16814
15169,35719
15169,51458
15169,37468
15169,263032
15169,3302
15169,12212
15169,59900
15169,47551
15169,133678
15169,197181
15169,395570
15169,34630
15169,35283
15169,47608
15169,13871
15169,45931
15169,262516
15169,263486
15169,61296
15169,134293
15169,134016
15169,201106
15169,4608
15169,20969
15169,18002
15169,42511
15169,263145
15169,52688
15169,17676
15169,1916
15169,197439
15169,328176
15169,2874
15169,62201
15169,64463
15169,53246
15169,197890
15169,263043
15169,266137
15169,3630
15169,198622
15169,327754
15169,201105
15169,27955
15169,40809
15169,3512
15169,51531
15169,42841
15169,56800
15169,196735
15169,262377
15169,267170
15169,8057
15169,200615
15169,47631
15169,133612
15169,14443
15169,41026
15169,133593
15169,14265
15169,6067
15169,24338
15169,55329
15169,57007
15169,205679
15169,206356
15169,47408
15169,328214
15169,30176
15169,27541
15169,55507
15169,134258
15169,25433
15169,203658
15169,12322
15169,266445
15169,61203
15169,201201
15169,133245
15169,203319
15169,28283
15169,30972
15169,41959
15169,196819
15169,201782
15169,41046
15169,37177
15169,3402
15169,394140
15169,64049
15169,134809
15169,134006
15169,16174
15169,22561
15169,41313
15169,63113
15169,262408
15169,197049
15169,137172
15169,12390
15169,23352
15169,19711
15169,266181
15169,50579
15169,64222
15169,134697
15169,10084
15169,31445
15169,199408
15169,18516
15169,266423
15169,4258
15169,7663
15169,263112
15169,5391
15169,61968
15169,20555
15169,199547
15169,131446
15169,6739
15169,201206
15169,20681
15169,205112
15169,59899
15169,23106
15169,13825
15169,31252
15169,4635
15169,60098
15169,10302
15169,48918
15169,264815
15169,47200
15169,61098
15169,202566
15169,3067
15169,28114
15169,45011
15169,197981
15169,12387
15169,41297
15169,7682
15169,267520
15169,57723
15169,42585
15169,62023
15169,263042
15169,45410
15169,327761
15169,52173
15169,26088
15169,33515
15169,12355
15169,132046
15169,202626
15169,51058
15169,13285
15169,13370
15169,37395
15169,133130
15169,36213
15169,50903
15169,262749
15169,202119
15169,205483
15169,286
15169,263070
15169,28267
15169,35585
15169,51603
15169,42861
15169,39279
15169,11670
15169,25478
15169,8851
15169,201701
15169,53587
15169,33886
15169,29017
15169,29632
15169,21232
15169,28364
15169,52930
15169,133895
15169,34347
15169,18568
15169,197156
15169,39107
15169,61186
15169,11377
15169,53237
15169,136019
15169,133324
15169,207119
15169,265144
15169,133651
15169,204196
15169,49024
15169,26459
15169,52348
15169,263945
15169,37596
15169,62856
15169,35434
15169,136302
15169,11537
15169,38880
15169,35625
15169,17253
15169,25182
15169,27552
15169,13826
15169,52683
15169,263209
15169,27257
15169,7610
15169,56294
15169,206281
15169,5578
15169,265181
15169,58138
15169,16467
15169,394530
15169,25853
15169,197524
15169,17931
15169,42483
15169,201213
15169,28212
15169,61586
15169,137490
15169,205964
15169,35575
15169,13039
15169,13094
15169,198007
15169,24582
15169,264574
15169,28139
15169,61134
15169,22691
15169,29286
15169,22546
15169,42353
15169,25975
15169,37546
15169,45102
15169,31334
15169,262403
15169,10019
15169,28294
15169,53075
15169,25074
15169,263572
15169,53090
15169,24263
15169,62267
15169,15401
15169,204536
15169,27630
15169,8319
15169,41606
15169,203698
15169,133645
15169,8897
15169,17709
15169,197809
15169,62167
15169,2687
15169,29009
15169,204858
15169,262317
15169,264186
15169,22822
15169,10745
15169,16178
15169,12847
15169,264111
15169,39431
15169,14585
15169,394297
15169,27964
15169,48344
15169,201754
15169,44527
15169,202365
15169,21949
15169,46484
15169,25581
15169,199805
15169,265030
15169,262507
15169,198736
15169,262662
15169,47329
15169,197696
15169,59945
15169,199524
15169,31727
15169,262353
15169,202054
15169,12748
15169,17506
15169,198738
15169,39288
15169,6407
15169,199324
15169,21430
15169,32354
15169,26415
15169,328009
15169,262726
15169,204003
15169,328160
15169,29918
15169,42504
15169,12470
15169,52547
15169,57246
15169,203038
15169,137083
15169,8038
15169,12693
15169,50469
15169,32653
15169,266623
15169,32709
15169,29990
15169,51929
15169,266995
15169,41841
15169,15533
15169,28846
15169,26803
15169,199188
15169,50372
15169,62622
15169,33986
15169,17457
15169,46786
15169,196969
15169,42044
15169,266149
15169,262977
15169,265075
15169,203165
15169,12301
15169,48348
15169,42549
15169,36891
15169,13005
15169,262333
15169,264877
15169,60718
15169,11924
15169,29655
15169,56286
15169,264144
15169,36225
15169,33445
15169,262311
15169,197036
15169,40428
15169,21336
15169,11342
15169,52892
15169,6774
15169,9153
15169,28657
15169,202103
15169,10925
15169,38091
15169,265437
15169,8399
15169,201939
15169,45177
15169,29006
15169,202020
15169,262790
15169,263084
15169,396951
15169,262557
15169,264339
15169,396503
15169,55743
15169,40193
15169,202479
15169,16347
15169,262802
15169,60964
15169,15399
15169,42543
15169,7175
15169,54825
15169,3853
15169,23820
15169,61704
15169,25521
15169,35745
15169,14463
15169,52596
15169,6461
15169,8757
15169,16700
15169,22925
15169,39020
15169,4675
15169,26615
15169,23640
15169,131996
15169,204913
15169,12200
15169,40511
15169,132492
15169,197731
15169,24632
15169,30094
15169,20886
15169,2110
15169,12414
15169,198493
15169,13536
15169,47254
15169,12570
15169,197849
15169,199842
15169,13538
15169,48719
15169,34505
15169,200780
15169,12654
15169,1126
15169,43070
15169,16569
15169,201746
15169,262908
15169,133535
15169,132330
15169,327751
15169,202829
15169,22177
15169,11280
15169,202831
15169,2593
15169,57124
15169,136322
15169,33083
15169,41802
15169,25083
15169,54113
15169,58464
15169,53813
15169,207028
15169,134009
15169,133597
15169,8365
15169,49009
15169,53591
15169,43852
15169,21478
15169,21315
15169,262683
15169,46
15169,27294
15169,28370
15169,200966
15169,16363
15169,19750
15169,26156
15169,29297
15169,8763
15169,202120
15169,197133
15169,328267
15169,37897
15169,56730
15169,15965
15169,9584
15169,133613
15169,327901
15169,262501
15169,263990
15169,15557
15169,15149
15169,43284
15169,28173
15169,196776
15169,18918
15169,18988
15169,33597
15169,23805
15169,32621
15169,60157
15169,205591
15169,263270
15169,22442
15169,33517
15169,53005
15169,57537
15169,26228
15169,328317
15169,53236
15169,2613
15169,200668
15169,6447
15169,7049
15169,202454
15169,262684
15169,28890
15169,47441
15169,328204
15169,267075
15169,41420
15169,132116
15169,198857
15169,58299
15169,38895
15169,136972
15169,20495
15169,262740
15169,29107
15169,50796
15169,41696
15169,37172
15169,29884
15169,12430
15169,42000
15169,394574
15169,31641
15169,199503
15169,46450
15169,52720
15169,9299
15169,53062
15169,264152
15169,7568
15169,60868
15169,262787
15169,24843
15169,2685
15169,264491
15169,23939
15169,49867
15169,12307
15169,51906
15169,29396
15169,13357
15169,8529
15169,135391
15169,263142
15169,2828
15169,4844
15169,1982
15169,9063
15169,53078
15169,23105
15169,197422
15169,37009
15169,197580
15169,19754
15169,135513
15169,38235
15169,29117
15169,7065
15169,35104
15169,61081
15169,262785
15169,50737
15169,205718
15169,49115
15169,13331
15169,35916
15169,55769
15169,59959
15169,40220
15169,268581
15169,44692
15169,8632
15169,265187
15169,33771
15169,135801
15169,41393
15169,38442
15169,262865
15169,2852
15169,35584
15169,200125
15169,38826
15169,264863
15169,53132
15169,264215
15169,262731
15169,53107
15169,34790
15169,8793
15169,201473
15169,61174
15169,327794
15169,52888
15169,13984
15169,26133
15169,264083
15169,28277
15169,4556
15169,7004
15169,262476
15169,6830
15169,198948
15169,55862
15169,18135
15169,20207
15169,136784
15169,133189
15169,204571
15169,28941
15169,37159
15169,29834
15169,4134
15169,21777
15169,262717
15169,198408
15169,327984
15169,18978
15169,135809
15169,199522
15169,394233
15169,2602
15169,62993
15169,14361
15169,7303
15169,33724
15169,8732
15169,34209
15169,55555
15169,1140
15169,262237
15169,38858
15169,61584
15169,20714
15169,33616
15169,202004
15169,28271
15169,267121
15169,11114
15169,15672
15169,201214
15169,12902
15169,201122
15169,44380
15169,204179
15169,30648
15169,59964
15169,8308
15169,2519
15169,327952
15169,28366
15169,11815
15169,19310
15169,12850
15169,42708
15169,34968
15169,33891
15169,132111
15169,198909
15169,27298
15169,262706
15169,60362
15169,27524
15169,13768
15169,27589
15169,393717
15169,52977
15169,138033
15169,29075
15169,9026
15169,15716
15169,38544
15169,17924
15169,25899
15169,47704
15169,37302
15169,35760
15169,50952
15169,395470
15169,3605
15169,27781
15169,328039
15169,53459
15169,13273
15169,13054
15169,48971
15169,264202
15169,72
15169,4224
15169,17824
15169,15190
15169,27693
15169,32743
15169,201198
15169,53339
15169,328341
15169,56172
15169,199475
15169,35223
15169,262681
15169,24077
15169,50509
15169,204971
15169,263075
15169,48039
15169,54002
15169,53139
15169,9201
15169,9457
15169,25572
15169,28669
15169,267294
15169,8664
15169,51243
15169,23711
15169,11986
15169,263276
15169,266437
15169,134390
15169,42010
15169,60257
15169,49697
15169,42707
15169,134858
15169,42459
15169,55518
15169,198018
15169,28125
15169,327991
15169,23762
15169,264002
15169,39122
15169,5764
15169,262822
15169,10089
15169,34555
15169,262979
15169,26563
15169,37650
15169,16371
15169,30419
15169,17557
15169,34768
15169,37933
15169,263646
15169,58560
15169,131273
15169,12989
15169,13030
15169,38631
15169,18129
15169,263018
15169,264031
15169,33811
15169,33762
15169,37892
15169,43139
15169,40731
15169,38001
15169,4818
15169,12926
15169,14390
15169,58589
15169,34762
15169,45637
15169,199338
15169,21345
15169,62336
15169,134232
15169,31287
15169,266435
15169,61527
15169,19875
15169,52300
15169,41156
15169,29226
15169,199248
15169,55944
15169,8224
15169,22873
15169,22697
15169,8309
15169,44332
15169,11664
15169,43679
15169,9189
15169,43061
15169,23252
15169,264114
15169,34177
15169,15702
15169,33604
15169,30212
15169,53152
15169,12576
15169,206934
15169,63631
15169,2915
15169,205523
15169,135247
15169,55805
15169,61157
15169,262454
15169,32590
15169,206693
15169,59922
15169,10133
15169,198334
15169,25466
15169,5713
15169,25560
15169,200185
15169,8453
15169,263363
15169,17048
15169,265198
15169,41711
15169,46656
15169,25295
15169,264959
15169,15154
15169,23367
15169,23033
15169,703
15169,60134
15169,34527
15169,2044
15169,39729
15169,8190
15169,198235
15169,262667
15169,131920
15169,62445
15169,17559
15169,44608
15169,45349
15169,16080
15169,55293
15169,132220
15169,132923
15169,12993
15169,327804
15169,9297
15169,262413
15169,206642
15169,8473
15169,328045
15169,7505
15169,47344
15169,134879
15169,46110
15169,8361
15169,24753
15169,22355
15169,32564
15169,263143
15169,266136
15169,131607
15169,31242
15169,5385
15169,4711
15169,53143
15169,15440
15169,14701
15169,31025
15169,45839
15169,37186
15169,63383
15169,39136
15169,32184
15169,51646
15169,29933
15169,327812
15169,29535
15169,29152
15169,50168
15169,60755
15169,136287
15169,131584
15169,21176
15169,42909
15169,134090
15169,36932
15169,203936
15169,46793
15169,41809
15169,134396
15169,31148
15169,50877
15169,39636
15169,41000
15169,30848
15169,201314
15169,55195
15169,48152
15169,35617
15169,9327
15169,37399
15169,32586
15169,9498
15169,10594
15169,7500
15169,28665
15169,15839
15169,203969
15169,62563
15169,268221
15169,6661
15169,25081
15169,59689
15169,51681
15169,49158
15169,263460
15169,264023
15169,202140
15169,202222
15169,5404
15169,6894
15169,25160
15169,132476
15169,34305
15169,135223
15169,21056
15169,14613
15169,263151
15169,12637
15169,24130
15169,199125
15169,393853
15169,54119
15169,61785
15169,37282
15169,63956
15169,137617
15169,19171
15169,135098
15169,263626
15169,203596
15169,15469
15169,263855
15169,1828
15169,7012
15169,55536
15169,201730
15169,134922
15169,52341
15169,47155
15169,13445
15169,6667
15169,12189
15169,9374
15169,18206
15169,28573
15169,8262
15169,51945
15169,44124
15169,265656
15169,13414
15169,702
15169,25415
15169,136696
15169,50204
15169,45335
15169,131210
15169,3327
15169,41095
15169,50837
15169,196610
15169,17882
15169,18077
15169,135692
15169,37634
15169,35699
15169,26918
15169,24105
15169,38808
15169,25435
15169,43171
15169,265672
15169,25473
15169,396507
15169,23550
15169,37358
15169,327817
15169,549
15169,199863
15169,8469
15169,204809
15169,37368
15169,327872
15169,263265
15169,27193
15169,46811
15169,198091
15169,33132
15169,134014
15169,204598
15169,13157
15169,23777
15169,263655
15169,52901
15169,42981
15169,135036
15169,50472
15169,50324
15169,135662
15169,41722
15169,262505
15169,23872
15169,51799
15169,59865
15169,45763
15169,132196
15169,328068
15169,262288
15169,262402
15169,7332
15169,53340
15169,29668
15169,49640
15169,395383
15169,53230
15169,20340
15169,19318
15169,7679
15169,18747
15169,205908
15169,199550
15169,45474
15169,8462
15169,57928
15169,28169
15169,56484
15169,10222
15169,133720
15169,62240
15169,34781
15169,53494
15169,4800
15169,5396
15169,327939
15169,262688
15169,202954
15169,18886
15169,15932
15169,12310
15169,47381
15169,327976
15169,41887
15169,48297
15169,55480
15169,135763
15169,25961
15169,20394
15169,30900
15169,134325
15169,23913
15169,8615
15169,13049
15169,133685
15169,263674
15169,264119
15169,109
15169,29788
15169,205073
15169,32867
15169,136631
15169,396914
15169,63832
15169,37266
15169,28220
15169,263073
15169,199483
15169,134363
15169,52186
15169,131475
15169,38628
15169,37515
15169,8744
15169,205036
15169,49289
15169,131602
15169,205777
15169,137144
15169,23620
15169,1880
15169,7604
15169,263081
15169,262757
15169,262375
15169,53209
15169,198849
15169,265436
15169,134257
15169,31529
15169,5410
15169,20633
15169,64098
15169,9876
15169,134366
15169,133164
15169,263386
15169,207056
15169,54721
15169,202032
15169,20850
15169,50550
15169,34803
15169,198605
15169,42374
15169,197615
15169,137
15169,9738
15169,266420
15169,262794
15169,19889
15169,25358
15169,18200
15169,3662
15169,17809
15169,30496
15169,31595
15169,327922
15169,16191
15169,14969
15169,41872
15169,47836
15169,51648
15169,203724
15169,57118
15169,4589
15169,35518
15169,266409
15169,19679
15169,61910
15169,203885
15169,134004
15169,135214
15169,7862
15169,40065
15169,264797
15169,38948
15169,41090
15169,135025
15169,20080
15169,21497
15169,199665
15169,58587
15169,34245
15169,262808
15169,52971
15169,34700
15169,3169
15169,202306
15169,197667
15169,16276
15169,198781
15169,31103
15169,199181
15169,14651
15169,52863
15169,8468
15169,21523
15169,6315
15169,27618
15169,327893
15169,59933
15169,48484
15169,262463
15169,20672
15169,1213
15169,203223
15169,264707
15169,58894
15169,23316
15169,45845
15169,17665
15169,41695
15169,12316
15169,262512
15169,133590
15169,48293
15169,29691
15169,135810
15169,18260
15169,16798
15169,203255
15169,45566
15169,20474
15169,39373
15169,204625
15169,264543
15169,3165
15169,10674
15169,45899
15169,327880
15169,50411
15169,23709
15169,42492
15169,9050
15169,263616
15169,30128
15169,44207
15169,12854
15169,10003
15169,198290
15169,51326
15169,54574
15169,12826
15169,136377
15169,138364
15169,21309
15169,7583
15169,26163
15169,53080
15169,39642
15169,38565
15169,33211
15169,51918
15169,52871
15169,135190
15169,8717
15169,48345
15169,47252
15169,198424
15169,21396
15169,32613
15169,3238
15169,44788
15169,266135
15169,15092
15169,7690
15169,13727
15169,50056
15169,25595
15169,19842
15169,30803
15169,12871
15169,33965
15169,132627
15169,20845
15169,17514
15169,18530
15169,265377
15169,57103
15169,58725
15169,136651
15169,8821
15169,20811
15169,264996
15169,135607
15169,34006
15169,28360
15169,41496
15169,17579
15169,45415
15169,31655
15169,49666
15169,267126
15169,39710
15169,32444
15169,19089
15169,24243
15169,22512
15169,17917
15169,59460
15169,138222
15169,31027
15169,15436
15169,25933
15169,264461
15169,265158
15169,7363
15169,203568
15169,18734
15169,53180
15169,39375
15169,48920
15169,203548
15169,29076
15169,34569
15169,6336
15169,19693
15169,263297
15169,50083
15169,265662
15169,37497
15169,29467
15169,12085
15169,28250
15169,134008
15169,30880
15169,1422
15169,35236
15169,16154
15169,16353
15169,12886
15169,42325
15169,58511
15169,328074
15169,263328
15169,262838
15169,35260
15169,39869
15169,4323
15169,4927
15169,29513
15169,14840
15169,32505
15169,6643
15169,20952
15169,15691
15169,8554
15169,59835
15169,7795
15169,40752
15169,13238
15169,17445
15169,36217
15169,56745
15169,394497
15169,263432
15169,199221
15169,56478
15169,36273
15169,137562
15169,50643
15169,2559
15169,16004
15169,264527
15169,58779
15169,133648
15169,135872
15169,10102
15169,202359
15169,12388
15169,10996
15169,7687
15169,52630
15169,265429
15169,18779
15169,15766
15169,22750
15169,266586
15169,12634
15169,12956
15169,263595
15169,9253
15169,10704
15169,52712
15169,135373
15169,36687
15169,49477
15169,16696
15169,198709
15169,2500
15169,11240
15169,49489
15169,53171
15169,264493
15169,27984
15169,52937
15169,23947
15169,35193
15169,12990
15169,36817
15169,196844
15169,132536
15169,49190
15169,42927
15169,38182
15169,55818
15169,3595
15169,204366
15169,52666
15169,47794
15169,264479
15169,200800
15169,61526
15169,54483
15169,200930
15169,30188
15169,48072
15169,46043
15169,203125
15169,8002
15169,16150
15169,134899
15169,136902
15169,36459
15169,27715
15169,56430
15169,35676
15169,10135
15169,62874
15169,6181
15169,48742
15169,31200
15169,53597
15169,396097
15169,4862
15169,134254
15169,54661
15169,206073
15169,266406
15169,15997
15169,202281
15169,17113
15169,204180
15169,64050
15169,11195
15169,262734
15169,23467
15169,264598
15169,134672
15169,34764
15169,264332
15169,327693
15169,266017
15169,24313
15169,49453
15169,54054
15169,136665
15169,25943
15169,25108
15169,42968
15169,263702
15169,262489
15169,14793
15169,6730
15169,393457
15169,131927
15169,47172
15169,48276
15169,34307
15169,50468
15169,60772
15169,61924
15169,265675
15169,26120
15169,23829
15169,42605
15169,28307
15169,133915
15169,57809
15169,51514
15169,45444
15169,36923
15169,136358
15169,198440
15169,39335
15169,6412
15169,38740
15169,34169
15169,47147
15169,198721
15169,30041
15169,328366
15169,53112
15169,61902
15169,264577
15169,197000
15169,199121
15169,263583
15169,132004
15169,135895
15169,202220
15169,12552
15169,11039
15169,48239
15169,203261
15169,1273
15169,3737
15169,393380
15169,196753
15169,52527
15169,200759
15169,11432
15169,263421
15169,53113
15169,47886
15169,33077
15169,35228
15169,199473
15169,135844
15169,132331
15169,54527
15169,36263
15169,200562
15169,28875
15169,64073
15169,135543
15169,10158
15169,205569
15169,29405
15169,11383
15169,2686
15169,35205
15169,51862
15169,196883
15169,199774
15169,3216
15169,39878
15169,2597
15169,20552
15169,34119
15169,6130
15169,13132
15169,12678
15169,8881
15169,48504
15169,2516
15169,17547
15169,44295
15169,38310
15169,20015
15169,25563
15169,204188
15169,19009
15169,35213
15169,22890
15169,23708
15169,5507
15169,18070
15169,262532
15169,201709
15169,34549
15169,33588
15169,38466
15169,262691
15169,263077
15169,61905
15169,41798
15169,19151
15169,15301
15169,43911
15169,35220
15169,51023
15169,12306
15169,59655
15169,15022
15169,38478
15169,5690
15169,137609
15169,206999
15169,266818
15169,136629
15169,9505
15169,20562
15169,11399
15169,7342
15169,30081
15169,35612
15169,17819
15169,24469
15169,394146
15169,25752
15169,31769
15169,48224
15169,32181
15169,18859
15169,28279
15169,57642
15169,26753
15169,36731
15169,56515
15169,205590
15169,2590
15169,39923
15169,197345
15169,136838
15169,2906
15169,57665
15169,133680
15169,199381
15169,137633
15169,62183
15169,395466
15169,29081
15169,55392
15169,59686
15169,6939
15169,17673
15169,31845
15169,40317
15169,264992
15169,24973
15169,57287
15169,59890
15169,57068
15169,134247
15169,29838
15169,26198
15169,262819
15169,51619
15169,9123
15169,61287
15169,197672
15169,203180
15169,198423
15169,136300
15169,44306
15169,37002
15169,37700
15169,39386
15169,16086
15169,51068
15169,46155
15169,8047
15169,131934
15169,206489
15169,55734
15169,135180
15169,26838
15169,264641
15169,7829
15169,31449
15169,31510
15169,9354
15169,131914
15169,24446
15169,7029
15169,29208
15169,52974
15169,264016
15169,43369
15169,45648
15169,394141
15169,393626
15169,37479
15169,58882
15169,41653
15169,265871
15169,29611
15169,264230
15169,31554
15169,8343
15169,132814
15169,12859
15169,395309
15169,12905
15169,36868
15169,134929
15169,8458
15169,135267
15169,43599
15169,21476
15169,199645
15169,265949
15169,63772
15169,64220
15169,132768
15169,63927
15169,10143
15169,32100
15169,202050
15169,198371
15169,207073
15169,24961
15169,34863
15169,327790
15169,28571
15169,61888
15169,34756
15169,237
15169,64271
15169,20365
15169,9924
15169,266177
15169,25180
15169,203921
15169,27381
15169,1226
15169,34577
15169,133240
15169,137181
15169,62955
15169,23419
15169,197790
15169,197922
15169,133989
15169,133001
15169,19834
15169,11045
15169,327936
15169,6779
15169,8448
15169,328346
15169,204861
15169,50016
15169,264459
15169,197418
15169,48362
15169,22299
15169,49931
15169,51699
15169,136360
15169,11870
15169,12842
15169,9146
15169,7018
15169,4764
15169,37225
15169,45561
15169,133297
15169,203146
15169,61864
15169,19996
15169,263087
15169,263445
15169,11686
15169,200794
15169,9365
15169,205697
15169,24253
15169,262394
15169,29442
15169,49420
15169,32808
15169,20485
15169,24679
15169,263269
15169,21320
15169,200612
15169,137065
15169,41018
15169,50812
15169,12541
15169,199565
15169,396515
15169,52439
15169,19117
15169,45186
15169,38595
15169,266475
15169,28610
15169,136989
15169,34309
15169,61231
15169,61587
15169,8565
15169,7806
15169,19752
15169,59827
15169,136699
15169,13237
15169,23274
15169,201808
15169,21804
15169,12337
15169,18881
15169,328065
15169,262690
15169,24709
15169,31950
15169,8447
15169,32365
15169,52973
15169,199978
15169,34274
15169,203231
15169,22646
15169,34086
15169,52251
15169,132323
15169,45661
15169,197915
15169,17374
15169,36515
15169,1200
15169,43531
15169,262296
15169,11492
15169,199150
15169,48061
15169,57254
15169,58967
15169,54994
15169,19165
15169,33843
15169,57433
15169,8781
15169,44513
15169,328112
15169,53424
15169,263542
15169,61374
15169,31251
15169,1406
15169,15958
15169,51088
15169,137367
15169,197377
15169,199330
15169,200480
15169,62805
15169,63052
15169,52654
15169,200278
15169,134555
15169,39912
15169,35805
15169,133173
15169,38627
15169,52940
15169,200001
15169,59796
15169,45015
15169,38278
15169,9150
15169,57608
15169,39399
15169,38915
15169,51269
15169,51263
15169,262287
15169,62020
15169,52780
15169,28851
15169,198317
15169,29314
15169,60169
15169,20836
15169,264450
15169,52602
15169,42
15169,61337
15169,263461
15169,35362
15169,9821
15169,40966
15169,14492
15169,8741
15169,204930
15169,28140
15169,62086
15169,42935
15169,9009
15169,263920
15169,55581
15169,135861
15169,63031
15169,32678
15169,203741
15169,13037
15169,327849
15169,52431
15169,12399
15169,262744
15169,42845
15169,38851
15169,262777
15169,29244
15169,207101
15169,62282
15169,63440
15169,58500
15169,8680
15169,20766
15169,29504
15169,14413
15169,12347
15169,32098
15169,52699
15169,53138
15169,265303
15169,44066
15169,135212
15169,15542
15169,48539
15169,197227
15169,58659
15169,25394
15169,264525
15169,264284
15169,44980
15169,7850
15169,262664
15169,56864
15169,10242
15169,393945
15169,26744
15169,35258
15169,205081
15169,134937
15169,8455
15169,267443
15169,196865
15169,28323
15169,133676
15169,44020
15169,4474
15169,61832
15169,36640
15169,16374
15169,37474
15169,393950
15169,50287
15169,28349
15169,61730
15169,31680
15169,20081
15169,40475
15169,24290
15169,4809
15169,265858
15169,51782
15169,7524
15169,204355
15169,64216
15169,24745
15169,136417
15169,13767
15169,21947
15169,7270
15169,50705
15169,41088
15169,29606
15169,263083
15169,12059
15169,40165
15169,6712
15169,198093
15169,265207
15169,49029
15169,56848
15169,327996
15169,8495
15169,37154
15169,53185
15169,266260
15169,10848
15169,8804
15169,17451
15169,31319
15169,262338
15169,52363
15169,11058
15169,198050
15169,39087
15169,37105
15169,133389
15169,14928
15169,34971
15169,5392
15169,28580
15169,28978
15169,59620
15169,14832
15169,133840
15169,135697
15169,49745
15169,55822
15169,263905
15169,265306
15169,14551
15169,199754
15169,25668
15169,36416
15169,25460
15169,327813
15169,16246
15169,56182
15169,29141
15169,35665
15169,8636
15169,11814
15169,47065
15169,53192
15169,264590
15169,262503
15169,58073
15169,198416
15169,39192
15169,23310
15169,263044
15169,264158
15169,262323
15169,41628
15169,203779
15169,16316
15169,53130
15169,263675
15169,56911
15169,262765
15169,263625
15169,31477
15169,62000
15169,30892
15169,15826
15169,2544
15169,35787
15169,204821
15169,45144
15169,42929
15169,205593
15169,16290
15169,31263
15169,196983
15169,132572
15169,3331
15169,134319
15169,33725
15169,26667
15169,21911
15169,20144
15169,53162
15169,53086
15169,6900
15169,36493
15169,15497
15169,197588
15169,12508
15169,9946
15169,134055
15169,63131
15169,59107
15169,12389
15169,34279
15169,44655
15169,14103
15169,42455
15169,44053
15169,59572
15169,327814
15169,7530
15169,264160
15169,262605
15169,132533
15169,134139
15169,28670
15169,45267
15169,12615
15169,16284
15169,53088
15169,34525
15169,198545
15169,200358
15169,36944
15169,16162
15169,13576
15169,46873
15169,21632
15169,204222
15169,37204
15169,12008
15169,37312
15169,37254
15169,15035
15169,15594
15169,206405
15169,136311
15169,262730
15169,135739
15169,32389
15169,56647
15169,1299
15169,2611
15169,28716
15169,52409
15169,31463
15169,45187
15169,62206
15169,49102
15169,8426
15169,44943
15169,136697
15169,138026
15169,43833
15169,9601
15169,35179
15169,56847
15169,60899
15169,57208
15169,135820
15169,8302
15169,25192
15169,24167
15169,60191
15169,59556
15169,137140
15169,198967
15169,49904
15169,264802
15169,134861
15169,28653
15169,52686
15169,45356
15169,54827
15169,2152
15169,50316
15169,327979
15169,63399
15169,10423
15169,61154
15169,393874
15169,265188
15169,8452
15169,28210
15169,34141
15169,28931
15169,6679
15169,24516
15169,266655
15169,132998
15169,45220
15169,266112
15169,23637
15169,600
15169,43760
15169,328266
15169,28178
15169,43205
15169,5409
15169,56284
15169,26347
15169,61951
15169,15412
15169,37053
15169,28338
15169,264555
15169,50087
15169,44050
15169,6858
15169,28889
15169,28920
15169,22438
15169,48544
15169,263784
15169,207156
15169,262594
15169,198611
15169,199585
15169,42390
15169,47438
15169,16217
15169,12696
15169,264390
15169,9008
15169,57111
15169,395378
15169,28132
15169,55044
15169,28202
15169,136625
15169,25590
15169,31479
15169,8681
15169,328210
15169,9165
15169,264254
15169,205801
15169,34154
15169,32614
15169,3910
15169,38623
15169,12670
15169,202932
15169,15669
15169,33108
15169,29846
15169,15517
15169,9723
15169,45785
15169,8916
15169,47275
15169,3292
15169,63949
15169,203591
15169,35908
15169,5526
15169,29667
15169,16570
15169,38942
15169,62713
15169,12731
15169,61487
15169,201049
15169,134883
15169,293
15169,20115
15169,60610
15169,51262
15169,264360
15169,48296
15169,16532
15169,135139
15169,45430
15169,30129
15169,36968
15169,39309
15169,53292
15169,131459
15169,136374
15169,200639
15169,266977
15169,57633
15169,59432
15169,13041
15169,53828
15169,264486
15169,36131
15169,40495
15169,393552
15169,57613
15169,263444
15169,266801
15169,7131
15169,58683
15169,264380
15169,38193
15169,202194
15169,45780
15169,12690
15169,136376
15169,29169
15169,42184
15169,16110
15169,198389
15169,20853
15169,61686
15169,197727
15169,265703
15169,13360
15169,6082
15169,10886
15169,39184
15169,11922
15169,51636
15169,3223
15169,264238
15169,41953
15169,62044
15169,264429
15169,264293
15169,59455
15169,44843
15169,6772
15169,18221
15169,21574
15169,206412
15169,394308
15169,7473
15169,30134
15169,203086
15169,197375
15169,10481
15169,134903
15169,328333
15169,11414
15169,393891
15169,56654
15169,38280
15169,136643
15169,395973
15169,62035
15169,61198
15169,3908
15169,44514
15169,47215
15169,37527
15169,41364
15169,61195
15169,60314
15169,12650
15169,15576
15169,3754
15169,28757
15169,263555
15169,58907
15169,133403
15169,61836
15169,8481
15169,27216
15169,14500
15169,262213
15169,135850
15169,134028
15169,49223
15169,197301
15169,135256
15169,15128
15169,3601
15169,19091
15169,2856
15169,8218
15169,51446
15169,35574
15169,40867
15169,64415
15169,42689
15169,328206
15169,10083
15169,52944
15169,48438
15169,51337
15169,44212
15169,132857
15169,47627
15169,13649
15169,22799
15169,20712
15169,197898
15169,62363
15169,23628
15169,201080
15169,57866
15169,394514
15169,50533
15169,262775
15169,18588
15169,11742
15169,15598
15169,2907
15169,53045
15169,7296
15169,60319
15169,23678
15169,131310
15169,13692
15169,12586
15169,4668
15169,12597
15169,19189
15169,34746
15169,52664
15169,51744
15169,51948
15169,15967
15169,6881
15169,60917
15169,31078
15169,62166
15169,41103
15169,18419
15169,35810
15169,133994
15169,20596
15169,39093
15169,262519
15169,267673
15169,16128
15169,7474
15169,6895
15169,136722
15169,40339
15169,53202
15169,36143
15169,34997
15169,43037
15169,266826
15169,135126
15169,199943
15169,17771
15169,50683
15169,41033
15169,327750
15169,52558
15169,52936
15169,44682
15169,8560
15169,39716
15169,24193
15169,25369
15169,23778
15169,6734
15169,138174
15169,4181
15169,11090
15169,2711
15169,136708
15169,27887
15169,3324
15169,53172
15169,6140
15169,327981
15169,22147
15169,35491
15169,202994
15169,393990
15169,262568
15169,9729
15169,137608
15169,31638
15169,47447
15169,8304
15169,21719
15169,132134
15169,56783
15169,41319
15169,35313
15169,20912
15169,7475
15169,28165
15169,27382
15169,203306
15169,44503
15169,20932
15169,6910
15169,201535
15169,9038
15169,28186
15169,328037
15169,28287
15169,63311
15169,53334
15169,394070
15169,37349
15169,55923
15169,17890
15169,59842
15169,55720
15169,11084
15169,12923
15169,42180
15169,206894
15169,2042
15169,52637
15169,61929
15169,60299
15169,264112
15169,198330
15169,52411
15169,4594
15169,27322
15169,200438
15169,7642
15169,34123
15169,206689
15169,263250
15169,12580
15169,34779
15169,53242
15169,61751
15169,52031
15169,57121
15169,20459
15169,45558
15169,200462
15169,28319
15169,43366
15169,133077
15169,7540
15169,20846
15169,15763
15169,10929
15169,50661
15169,47748
15169,26762
15169,12779
15169,15398
15169,45671
15169,32881
15169,263978
15169,19740
15169,198651
15169,35306
15169,52696
15169,31313
15169,39600
15169,39709
15169,8612
15169,9280
15169,198891
15169,266771
15169,37680
15169,132268
15169,264517
15169,12722
15169,264460
15169,133638
15169,207013
15169,29471
15169,8486
15169,328033
15169,268225
15169,15954
15169,6453
15169,12129
15169,1257
15169,5563
15169,205943
15169,199064
15169,18705
15169,40123
15169,203789
15169,15108
15169,7656
15169,263797
15169,19551
15169,10000
15169,135526
15169,51060
15169,48453
15169,50333
15169,135777
15169,57731
15169,35985
15169,7496
15169,205668
15169,39235
15169,34108
15169,61470
15169,57151
15169,6805
15169,43350
15169,60219
15169,9119
15169,394010
15169,263482
15169,134259
15169,64233
15169,262643
15169,9231
15169,50629
15169,57344
15169,21782
15169,28638
15169,50295
15169,58965
15169,34606
15169,28146
15169,28639
15169,33247
15169,7738
15169,28171
15169,37387
15169,53100
15169,266498
15169,38532
15169,17625
15169,37100
15169,58682
15169,50473
15169,135069
15169,59112
15169,34368
15169,47727
15169,394073
15169,52320
15169,42416
15169,58791
15169,133695
15169,112
15169,53338
15169,265348
15169,28154
15169,49206
