32934,327804
32934,135207
32934,263797
32934,48200
32934,16191
32934,266137
32934,37457
32934,133120
32934,61581
32934,395880
32934,19189
32934,55518
32934,197518
32934,35213
32934,136311
32934,30740
32934,47622
32934,24249
32934,53165
32934,59900
32934,199410
32934,11030
32934,8047
32934,132111
32934,28207
32934,266181
32934,22799
32934,2595
32934,53162
32934,131744
32934,11233
32934,33808
32934,50083
32934,199341
32934,48452
32934,30133
32934,43341
32934,50812
32934,132536
32934,137900
32934,264023
32934,4608
32934,136330
32934,199981
32934,3842
32934,199324
32934,29405
32934,265356
32934,266409
32934,61905
32934,262662
32934,39235
32934,395570
32934,8365
32934,201020
32934,14282
32934,327812
32934,328255
32934,16075
32934,42344
32934,46195
32934,267124
32934,134246
32934,327979
32934,51048
32934,8879
32934,8283
32934,262717
32934,394233
32934,262505
32934,262785
32934,52547
32934,15092
32934,28260
32934,20953
32934,20365
32934,38207
32934,40805
32934,197155
32934,62523
32934,32160
32934,132132
32934,31564
32934,50168
32934,135895
32934,29081
32934,49640
32934,53156
32934,41046
32934,53140
32934,263544
32934,53209
32934,28073
32934,1406
32934,17048
32934,61955
32934,264893
32934,58599
32934,266866
32934,11190
32934,52991
32934,137874
32934,12989
32934,197883
32934,48634
32934,50877
32934,53216
32934,198408
32934,45758
32934,53780
32934,8757
32934,30041
32934,43509
32934,23629
32934,61044
32934,13730
32934,14061
32934,17306
32934,30844
32934,47605
32934,262902
32934,268225
32934,22442
32934,30813
32934,264641
32934,264390
32934,38627
32934,8001
32934,53196
32934,197588
32934,136168
32934,44141
32934,52409
32934,8002
32934,15943
32934,202023
32934,43623
32934,23655
32934,14609
32934,18786
32934,6325
32934,39522
32934,264144
32934,133930
32934,51947
32934,9208
32934,52009
32934,38333
32934,41073
32934,54312
32934,2611
32934,8462
32934,266460
32934,37236
32934,41230
32934,50032
32934,9115
32934,12472
32934,2852
32934,25295
32934,53095
32934,53088
32934,206934
32934,4818
32934,9605
32934,29897
32934,57890
32934,199338
32934,328333
32934,60646
32934,27400
32934,3601
32934,15589
32934,38090
32934,4851
32934,52005
32934,23667
32934,197099
32934,9031
32934,34224
32934,12849
32934,24730
32934,20655
32934,44219
32934,34971
32934,3320
32934,28889
32934,24429
32934,262365
32934,44451
32934,54728
32934,8878
32934,4922
32934,53080
32934,57811
32934,32743
32934,266211
32934,7270
32934,37079
32934,54290
32934,33182
32934,29512
32934,263143
32934,18129
32934,12381
32934,35306
32934,28284
32934,265158
32934,22702
32934,4004
32934,35799
32934,62782
32934,18126
32934,262699
32934,49677
32934,59164
32934,20915
32934,201290
32934,52381
32934,266657
32934,31474
32934,14265
32934,199248
32934,133934
32934,264382
32934,265268
32934,45433
32934,394073
32934,198930
32934,33452
32934,264228
32934,41393
32934,49362
32934,56294
32934,16284
32934,5410
32934,202050
32934,328064
32934,262519
32934,37549
32934,136360
32934,64049
32934,15456
32934,9167
32934,133070
32934,58792
32934,133718
32934,135257
32934,21472
32934,205572
32934,53199
32934,53147
32934,48315
32934,49895
32934,37195
32934,21476
32934,17559
32934,53142
32934,263314
32934,52091
32934,9500
32934,45011
32934,263165
32934,263833
32934,56864
32934,47697
32934,13359
32934,23641
32934,34422
32934,26838
32934,61527
32934,33517
32934,20917
32934,9797
32934,199665
32934,15502
32934,61333
32934,14829
32934,3212
32934,35470
32934,395561
32934,59107
32934,13157
32934,29513
32934,328125
32934,50326
32934,11164
32934,17961
32934,21513
32934,37340
32934,262501
32934,263401
32934,45634
32934,37439
32934,58453
32934,203520
32934,41960
32934,45753
32934,37412
32934,327981
32934,47551
32934,264200
32934,52195
32934,136990
32934,24608
32934,50507
32934,47377
32934,199226
32934,47927
32934,9615
32934,262507
32934,51040
32934,134055
32934,52716
32934,33132
32934,51706
32934,45780
32934,262518
32934,42374
32934,12578
32934,19117
32934,5526
32934,15133
32934,29834
32934,53334
32934,27781
32934,201602
32934,1248
32934,16637
32934,59659
32934,10204
32934,36388
32934,60299
32934,43760
32934,3605
32934,25180
32934,44160
32934,42707
32934,44981
32934,56511
32934,28359
32934,265436
32934,136699
32934,42708
32934,202119
32934,6336
32934,196735
32934,134280
32934,2116
32934,56630
32934,54998
32934,135686
32934,263084
32934,263647
32934,263768
32934,62183
32934,17819
32934,766
32934,262809
32934,263595
32934,59945
32934,132476
32934,264031
32934,53132
32934,53107
32934,17477
32934,58226
32934,199496
32934,25649
32934,11240
32934,37652
32934,45430
32934,12678
32934,41811
32934,53597
32934,204366
32934,24875
32934,264992
32934,44489
32934,4775
32934,12389
32934,32105
32934,28279
32934,53424
32934,31950
32934,133952
32934,16110
32934,27216
32934,13037
32934,12931
32934,50629
32934,9435
32934,7540
32934,14868
32934,262311
32934,57498
32934,5511
32934,24889
32934,9607
32934,4675
32934,20015
32934,42
32934,13855
32934,203851
32934,199421
32934,47065
32934,2042
32934,50737
32934,327983
32934,197551
32934,264342
32934,17645
32934,16276
32934,61487
32934,133007
32934,200548
32934,132774
32934,24961
32934,18422
32934,136001
32934,43853
32934,2514
32934,11274
32934,197692
32934,52681
32934,9893
32934,205811
32934,37692
32934,135227
32934,15054
32934,205970
32934,197790
32934,266136
32934,262744
32934,35810
32934,19869
32934,40627
32934,39405
32934,34486
32934,53180
32934,137164
32934,14824
32934,17253
32934,63927
32934,50705
32934,28189
32934,3580
32934,199118
32934,5564
32934,25376
32934,34758
32934,28591
32934,8403
32934,29140
32934,51300
32934,203263
32934,28788
32934,29518
32934,4635
32934,205717
32934,198736
32934,56654
32934,12886
32934,44000
32934,37640
32934,197892
32934,138296
32934,21880
32934,53591
32934,49685
32934,7020
32934,57877
32934,47143
32934,327824
32934,35826
32934,60426
32934,9026
32934,2486
32934,11404
32934,59701
32934,9022
32934,49115
32934,395823
32934,262983
32934,28639
32934,52952
32934,30914
32934,5605
32934,264262
32934,327982
32934,49909
32934,132770
32934,12189
32934,56229
32934,12650
32934,393990
32934,6661
32934,52662
32934,30998
32934,264083
32934,35267
32934,51224
32934,12316
32934,200062
32934,23783
32934,28219
32934,27988
32934,39251
32934,36868
32934,8708
32934,25068
32934,37090
32934,205943
32934,43554
32934,39138
32934,6473
32934,50245
32934,45352
32934,13917
32934,6407
32934,6663
32934,30925
32934,47155
32934,56284
32934,34630
32934,12874
32934,48291
32934,8502
32934,132680
32934,207044
32934,199937
32934,33494
32934,262259
32934,40545
32934,38532
32934,267573
32934,201261
32934,16243
32934,28666
32934,28126
32934,50153
32934,49088
32934,28649
32934,327950
32934,197437
32934,64208
32934,7713
32934,16363
32934,61319
32934,29504
32934,34218
32934,11666
32934,20773
32934,198126
32934,15542
32934,812
32934,12570
32934,24243
32934,7490
32934,263665
32934,203703
32934,63440
32934,34803
32934,5607
32934,48635
32934,264949
32934,328287
32934,30447
32934,201214
32934,131996
32934,44682
32934,21221
32934,36273
32934,9374
32934,45648
32934,44765
32934,3367
32934,34700
32934,28545
32934,2915
32934,55039
32934,44902
32934,196983
32934,134663
32934,34525
32934,63221
32934,3853
32934,197981
32934,12883
32934,31680
32934,202796
32934,262784
32934,328229
32934,59318
32934,44503
32934,12741
32934,25542
32934,266435
32934,43500
32934,37662
32934,39356
32934,44514
32934,263386
32934,49690
32934,264344
32934,48648
32934,25151
32934,3661
32934,37345
32934,37002
32934,17579
32934,52901
32934,197580
32934,701
32934,25605
32934,198682
32934,41606
32934,59196
32934,199250
32934,39335
32934,43858
32934,203554
32934,132953
32934,7162
32934,202867
32934,262457
32934,45903
32934,205081
32934,264254
32934,11888
32934,24864
32934,12876
32934,24709
32934,32100
32934,52936
32934,262650
32934,173
32934,13030
32934,31059
32934,12337
32934,31019
32934,19889
32934,58580
32934,262691
32934,209
32934,38808
32934,18135
32934,8903
32934,61873
32934,43100
32934,9354
32934,58589
32934,264877
32934,36874
32934,52341
32934,9036
32934,34510
32934,24880
32934,6858
32934,197033
32934,6834
32934,61942
32934,61943
32934,15839
32934,112
32934,48152
32934,24321
32934,133277
32934,45489
32934,18049
32934,134390
32934,19465
32934,53122
32934,263548
32934,19689
32934,1241
32934,16876
32934,197667
32934,57665
32934,7568
32934,133915
32934,7385
32934,15766
32934,52925
32934,263311
32934,13657
32934,11670
32934,263484
32934,264925
32934,18988
32934,8897
32934,12854
32934,7296
32934,51426
32934,132562
32934,263853
32934,11071
32934,16082
32934,13045
32934,19875
32934,41157
32934,197595
32934,265306
32934,262512
32934,19108
32934,11414
32934,196881
32934,58578
32934,4556
32934,54721
32934,203536
32934,38544
32934,47884
32934,23774
32934,45684
32934,7514
32934,63541
32934,52302
32934,9584
32934,262740
32934,328006
32934,31641
32934,34762
32934,63128
32934,52840
32934,8784
32934,265429
32934,262594
32934,266133
32934,9595
32934,57332
32934,23738
32934,197727
32934,25975
32934,50411
32934,133444
32934,56172
32934,196967
32934,41508
32934,47329
32934,28146
32934,47704
32934,29104
32934,47886
32934,24492
32934,33930
32934,8758
32934,53178
32934,198018
32934,33915
32934,52550
32934,263877
32934,237
32934,62715
32934,58273
32934,10282
32934,58717
32934,328038
32934,47699
32934,41966
32934,62646
32934,8612
32934,56647
32934,52780
32934,206281
32934,7604
32934,45561
32934,49025
32934,23576
32934,21632
32934,17310
32934,40217
32934,25899
32934,3248
32934,32564
32934,59165
32934,205296
32934,265672
32934,197294
32934,54327
32934,63920
32934,39310
32934,52770
32934,8553
32934,204809
32934,39318
32934,52892
32934,3742
32934,21525
32934,29846
32934,62622
32934,13135
32934,264461
32934,38826
32934,37403
32934,59110
32934,10302
32934,205916
32934,28349
32934,52971
32934,18888
32934,34086
32934,22652
32934,48345
32934,13722
32934,12510
32934,203735
32934,15925
32934,21497
32934,44334
32934,263329
32934,13237
32934,30781
32934,34407
32934,25074
32934,263347
32934,9266
32934,39399
32934,38651
32934,59384
32934,12597
32934,26162
32934,58952
32934,23709
32934,136119
32934,264111
32934,394514
32934,12969
32934,47762
32934,13427
32934,197592
32934,9652
32934,33854
32934,53018
32934,44384
32934,52558
32934,34688
32934,7303
32934,28716
32934,5578
32934,132816
32934,19842
32934,13591
32934,16570
32934,16302
32934,1880
32934,45638
32934,51863
32934,58511
32934,25668
32934,6908
32934,6894
32934,35574
32934,59371
32934,265675
32934,266020
32934,133840
32934,327908
32934,9008
32934,3701
32934,205272
32934,9542
32934,3512
32934,14840
32934,28580
32934,9226
32934,9370
32934,11077
32934,262765
32934,10481
32934,11922
32934,786
32934,29075
32934,44020
32934,48793
32934,263250
32934,9738
32934,57976
32934,48504
32934,42755
32934,8368
32934,48268
32934,13189
32934,262546
32934,197307
32934,46849
32934,54527
32934,43376
32934,15401
32934,45737
32934,56190
32934,263558
32934,61805
32934,134355
32934,46489
32934,55822
32934,137922
32934,62373
32934,24253
32934,57029
32934,265030
32934,293
32934,202454
32934,55761
32934,53589
32934,40495
32934,17660
32934,199790
32934,134265
32934,22431
32934,47254
32934,16178
32934,61186
32934,31222
32934,17766
32934,266977
32934,205216
32934,43070
32934,49544
32934,53869
32934,9902
32934,136019
32934,132137
32934,35053
32934,61337
32934,200507
32934,37187
32934,133616
32934,39912
32934,39351
32934,21574
32934,263327
32934,395970
32934,12399
32934,5089
32934,6695
32934,14453
32934,24271
32934,57315
32934,59126
32934,17809
32934,18978
32934,21034
32934,132814
32934,9342
32934,1982
32934,264062
32934,36916
32934,327825
32934,265949
32934,197013
32934,63320
32934,29049
32934,198380
32934,62824
32934,53059
32934,134287
32934,15932
32934,52848
32934,35001
32934,3754
32934,25083
32934,198906
32934,47480
32934,30736
32934,39184
32934,37342
32934,266468
32934,263434
32934,24469
32934,203140
32934,23367
32934,60497
32934,28198
32934,265317
32934,134871
32934,48850
32934,1103
32934,24989
32934,204207
32934,134009
32934,15177
32934,264359
32934,264450
32934,136374
32934,8445
32934,41041
32934,10103
32934,197394
32934,55394
32934,52186
32934,135826
32934,39615
32934,49820
32934,263384
32934,266870
32934,54588
32934,31655
32934,8302
32934,199547
32934,267520
32934,25885
32934,268222
32934,37358
32934,266844
32934,39479
32934,31939
32934,18106
32934,15692
32934,8932
32934,47708
32934,52654
32934,36263
32934,63631
32934,39090
32934,49206
32934,43289
32934,199332
32934,34505
32934,137102
32934,18068
32934,53112
32934,52630
32934,135771
32934,38478
32934,59112
32934,16814
32934,31216
32934,21320
32934,44066
32934,200794
32934,38880
32934,57463
32934,39923
32934,262444
32934,19834
32934,3216
32934,45204
32934,58405
32934,265303
32934,262424
32934,31669
32934,52280
32934,29076
32934,8565
32934,24077
32934,52611
32934,132435
32934,58507
32934,267170
32934,45775
32934,22556
32934,25002
32934,38442
32934,39777
32934,45349
32934,26753
32934,33920
32934,60157
32934,52726
32934,23148
32934,16374
32934,15772
32934,31543
32934,61244
32934,264491
32934,59620
32934,13360
32934,57246
32934,16353
32934,50370
32934,17732
32934,52544
32934,57928
32934,28239
32934,53061
32934,262372
32934,4651
32934,41000
32934,20860
32934,29479
32934,266028
32934,24748
32934,23786
32934,263390
32934,33873
32934,264525
32934,28653
32934,6855
32934,13649
32934,395470
32934,2613
32934,15169
32934,15510
32934,132146
32934,36891
32934,52275
32934,264681
32934,200278
32934,9365
32934,52736
32934,29117
32934,133240
32934,21777
32934,30933
32934,9150
32934,57279
32934,133301
32934,15419
32934,201473
32934,31027
32934,51269
32934,16406
32934,62563
32934,267075
32934,2606
32934,50572
32934,2828
32934,55651
32934,60610
32934,264424
32934,262973
32934,201754
32934,51636
32934,15623
32934,48918
32934,198721
32934,17457
32934,51254
32934,24324
32934,45054
32934,56203
32934,17374
32934,393552
32934,16350
32934,12059
32934,264453
32934,328206
32934,21388
32934,2914
32934,29297
32934,37680
32934,17535
32934,201746
32934,56949
32934,264186
32934,267586
32934,12322
32934,47541
32934,21056
32934,206693
32934,26610
32934,33941
32934,6898
32934,55270
32934,201198
32934,23624
32934,15657
32934,47169
32934,48559
32934,263126
32934,33762
32934,49594
32934,33835
32934,31621
32934,53187
32934,132627
32934,59970
32934,15533
32934,50023
32934,200187
32934,35699
32934,264574
32934,56430
32934,15600
32934,54210
32934,49653
32934,12188
32934,29590
32934,28114
32934,13132
32934,5539
32934,35280
32934,4680
32934,43323
32934,41692
32934,7583
32934,262790
32934,262375
32934,266652
32934,396507
32934,28920
32934,59410
32934,33932
32934,24703
32934,39869
32934,264191
32934,5521
32934,50620
32934,42845
32934,53338
32934,14988
32934,138026
32934,57043
32934,262588
32934,262268
32934,18104
32934,41018
32934,200125
32934,8473
32934,42739
32934,56833
32934,15826
32934,12859
32934,8361
32934,265498
32934,135301
32934,14589
32934,59097
32934,49770
32934,34527
32934,36898
32934,36902
32934,262644
32934,266406
32934,45637
32934,37028
32934,203038
32934,206313
32934,200995
32934,53097
32934,52559
32934,262463
32934,135724
32934,10297
32934,31617
32934,10733
32934,262527
32934,133389
32934,35425
32934,198335
32934,16409
32934,262377
32934,38001
32934,264983
32934,53050
32934,52539
32934,199435
32934,202020
32934,327814
32934,31235
32934,36225
32934,207187
32934,394111
32934,30094
32934,13194
32934,30122
32934,20886
32934,35156
32934,264331
32934,131248
32934,206373
32934,20473
32934,200612
32934,45037
32934,30838
32934,47406
32934,40528
32934,51906
32934,61568
32934,9924
32934,5560
32934,50056
32934,206701
32934,36920
32934,134363
32934,11845
32934,328146
32934,13823
32934,393350
32934,23541
32934,136838
32934,8492
32934,199150
32934,9908
32934,52944
32934,35584
32934,21161
32934,200981
32934,206776
32934,31972
32934,37353
32934,17426
32934,37670
32934,132296
32934,703
32934,28801
32934,262336
32934,262676
32934,4713
32934,18274
32934,8412
32934,2687
32934,58451
32934,10118
32934,11814
32934,264360
32934,28606
32934,41446
32934,36416
32934,51945
32934,38915
32934,197985
32934,262706
32934,58645
32934,327880
32934,31800
32934,132203
32934,16206
32934,262491
32934,27984
32934,22300
32934,11377
32934,7600
32934,30539
32934,38930
32934,23308
32934,18052
32934,35805
32934,42411
32934,393713
32934,43061
32934,20960
32934,28153
32934,262448
32934,31857
32934,36924
32934,57910
32934,52965
32934,24251
32934,64271
32934,201808
32934,4809
32934,53181
32934,200700
32934,41044
32934,28331
32934,133685
32934,5726
32934,135069
32934,9821
32934,49420
32934,22697
32934,7342
32934,35193
32934,34756
32934,47523
32934,13381
32934,51390
32934,6300
32934,45335
32934,50188
32934,18541
32934,52940
32934,20555
32934,131285
32934,33139
32934,10996
32934,28156
32934,29866
32934,53732
32934,133652
32934,206559
32934,25152
32934,196922
32934,35600
32934,17907
32934,25182
32934,50316
32934,12714
32934,48528
32934,20912
32934,28110
32934,135861
32934,15598
32934,137912
32934,4508
32934,28124
32934,60522
32934,53143
32934,134879
32934,393457
32934,263626
32934,263120
32934,60388
32934,2497
32934,59605
32934,49415
32934,8660
32934,327754
32934,56783
32934,265075
32934,266177
32934,266803
32934,12508
32934,14717
32934,198440
32934,42390
32934,58209
32934,29624
32934,55536
32934,28307
32934,24115
32934,12200
32934,22561
32934,5430
32934,59460
32934,8055
32934,264301
32934,51055
32934,37564
32934,38740
32934,57208
32934,396097
32934,266390
32934,58894
32934,2134
32934,44646
32934,34953
32934,21321
32934,40317
32934,34868
32934,263461
32934,62113
32934,54235
32934,25482
32934,37204
32934,52873
32934,16798
32934,25255
32934,38628
32934,137172
32934,4319
32934,30340
32934,134391
32934,137831
32934,262549
32934,265851
32934,266801
32934,55429
32934,39122
32934,60899
32934,1828
32934,131938
32934,50088
32934,132579
32934,132166
32934,8075
32934,38040
32934,57119
32934,262476
32934,47242
32934,38623
32934,53242
32934,328074
32934,53145
32934,132267
32934,44712
32934,266926
32934,45184
32934,52699
32934,6447
32934,35205
32934,39391
32934,327976
32934,60068
32934,53135
32934,50767
32934,15763
32934,35612
32934,15704
32934,36052
32934,23762
32934,49386
32934,263645
32934,17673
32934,396960
32934,1836
32934,24290
32934,45158
32934,702
32934,12576
32934,52908
32934,38595
32934,31287
32934,50628
32934,60475
32934,28685
32934,7065
32934,57344
32934,29667
32934,263982
32934,136643
32934,45954
32934,59455
32934,15960
32934,9534
32934,53237
32934,200750
32934,61871
32934,61913
32934,2484
32934,29545
32934,7656
32934,38084
32934,133278
32934,197747
32934,12748
32934,136557
32934,34610
32934,48276
32934,52794
32934,18734
32934,20144
32934,42649
32934,17924
32934,19171
32934,3561
32934,266135
32934,45910
32934,328239
32934,264020
32934,61524
32934,136376
32934,199319
32934,47548
32934,18282
32934,18081
32934,38289
32934,206663
32934,33604
32934,262730
32934,266387
32934,136722
32934,20704
32934,6130
32934,262811
32934,262643
32934,327901
32934,38043
32934,17676
32934,61157
32934,19318
32934,201950
32934,33923
32934,7018
32934,42456
32934,198385
32934,52752
32934,394308
32934,13354
32934,203815
32934,58650
32934,59862
32934,61968
32934,23201
32934,28929
32934,33077
32934,31424
32934,136779
32934,15469
32934,393662
32934,8220
32934,2686
32934,31133
32934,50469
32934,198537
32934,135099
32934,394146
32934,9085
32934,61730
32934,11910
32934,13124
32934,12808
32934,132426
32934,264996
32934,203223
32934,36086
32934,15699
32934,131273
32934,8100
32934,60662
32934,134874
32934,4739
32934,40165
32934,7578
32934,58436
32934,10973
32934,17920
32934,132734
32934,203936
32934,11948
32934,28140
32934,262427
32934,8763
32934,58308
32934,47217
32934,49808
32934,263661
32934,4673
32934,25279
32934,47973
32934,17824
32934,9519
32934,41959
32934,29551
32934,11537
32934,36217
32934,7012
32934,46235
32934,264564
32934,45415
32934,7628
32934,36994
32934,12577
32934,48424
32934,264397
32934,263112
32934,28037
32934,6850
32934,40356
32934,12552
32934,48484
32934,3333
32934,64478
32934,44527
32934,5392
32934,49477
32934,266623
32934,47252
32934,29169
32934,5391
32934,198792
32934,263444
32934,133534
32934,38757
32934,33823
32934,202566
32934,5071
32934,198203
32934,52531
32934,53086
32934,13768
32934,8950
32934,2510
32934,38541
32934,15497
32934,34602
32934,262376
32934,17408
32934,197736
32934,42669
32934,265036
32934,24843
32934,47344
32934,23777
32934,198891
32934,327813
32934,8309
32934,12850
32934,264555
32934,24641
32934,9355
32934,134090
32934,197888
32934,32780
32934,136636
32934,16290
32934,29056
32934,204196
32934,9253
32934,134033
32934,3324
32934,31445
32934,61744
32934,53766
32934,6774
32934,29449
32934,201502
32934,39202
32934,2529
32934,62267
32934,263270
32934,24806
32934,206689
32934,34916
32934,327889
32934,5631
32934,41628
32934,9723
32934,48768
32934,64112
32934,50020
32934,24338
32934,32437
32934,133873
32934,28152
32934,53246
32934,265933
32934,25751
32934,31631
32934,43578
32934,34307
32934,201843
32934,52411
32934,266826
32934,132988
32934,9916
32934,53191
32934,55658
32934,34984
32934,53813
32934,24940
32934,38195
32934,265198
32934,14204
32934,56534
32934,6307
32934,5396
32934,15703
32934,28668
32934,35393
32934,15576
32934,197046
32934,262456
32934,9601
32934,5378
32934,204180
32934,17958
32934,262413
32934,55879
32934,200070
32934,15965
32934,268468
32934,328176
32934,20722
32934,50360
32934,31383
32934,52721
32934,55555
32934,39392
32934,44654
32934,21928
32934,12041
32934,29231
32934,15669
32934,45931
32934,263567
32934,265021
32934,266031
32934,15935
32934,41497
32934,41490
32934,10993
32934,57101
32934,63034
32934,58967
32934,34746
32934,395332
32934,25577
32934,25572
32934,136629
32934,51942
32934,4181
32934,32748
32934,32592
32934,11046
32934,262787
32934,262683
32934,2128
32934,17088
32934,197890
32934,60032
32934,19740
32934,196749
32934,41480
32934,26288
32934,136668
32934,8732
32934,61081
32934,50796
32934,33597
32934,47942
32934,4385
32934,56911
32934,206073
32934,60427
32934,267460
32934,61935
32934,136972
32934,36408
32934,4258
32934,44735
32934,59655
32934,6453
32934,28130
32934,48638
32934,328204
32934,44053
32934,40034
32934,17882
32934,8545
32934,17113
32934,52973
32934,9116
32934,21336
32934,61438
32934,8487
32934,266498
32934,9931
32934,52468
32934,203230
32934,27298
32934,18530
32934,47447
32934,60319
32934,25933
32934,263089
32934,61864
32934,29687
32934,32181
32934,35320
32934,64213
32934,50968
32934,36001
32934,28263
32934,11058
32934,6830
32934,52696
32934,262346
32934,41736
32934,134903
32934,198517
32934,201122
32934,2500
32934,19817
32934,59922
32934,18881
32934,36692
32934,26554
32934,35625
32934,266998
32934,22689
32934,264112
32934,51580
32934,26827
32934,5583
32934,14651
32934,28267
32934,264005
32934,263362
32934,13303
32934,20080
32934,9153
32934,29668
32934,39120
32934,132568
32934,8893
32934,50550
32934,9293
32934,22355
32934,135735
32934,39373
32934,8821
32934,23678
32934,41405
32934,202032
32934,62059
32934,3303
32934,7672
32934,28640
32934,135177
32934,204536
32934,51960
32934,9310
32934,2685
32934,262343
32934,133001
32934,16347
32934,263374
32934,61686
32934,28257
32934,203741
32934,63242
32934,20546
32934,58868
32934,24088
32934,29084
32934,62838
32934,199218
32934,197697
32934,17547
32934,263070
32934,42303
32934,198709
32934,201213
32934,6739
32934,32708
32934,263080
32934,263945
32934,52909
32934,15190
32934,8391
32934,22925
32934,52102
32934,327849
32934,2905
32934,29686
32934,53582
32934,53127
32934,34368
32934,6718
32934,49232
32934,131584
32934,16253
32934,199113
32934,132134
32934,20686
32934,8922
32934,328058
32934,138364
32934,56510
32934,10094
32934,134232
32934,28877
32934,47438
32934,263453
32934,266951
32934,135662
32934,28329
32934,25818
32934,40911
32934,23498
32934,202829
32934,201838
32934,33922
32934,42492
32934,58473
32934,803
32934,25061
32934,50300
32934,51561
32934,265209
32934,43561
32934,17707
32934,11051
32934,134743
32934,25914
32934,204281
32934,35348
32934,33130
32934,42968
32934,61890
32934,9997
32934,23838
32934,31214
32934,37053
32934,15412
32934,7782
32934,9063
32934,47147
32934,9505
32934,6659
32934,59214
32934,43541
32934,10158
32934,6682
32934,52866
32934,201637
32934,327751
32934,40428
32934,26667
32934,58138
32934,262743
32934,46786
32934,266165
32934,50952
32934,21976
32934,21473
32934,36493
32934,266156
32934,43205
32934,34825
32934,50533
32934,8265
32934,42093
32934,28166
32934,394530
32934,50467
32934,267121
32934,198401
32934,40752
32934,6805
32934,16298
32934,48399
32934,206894
32934,549
32934,40449
32934,60191
32934,54540
32934,5459
32934,44865
32934,50343
32934,262700
32934,266925
32934,58601
32934,49029
32934,328356
32934,64200
32934,8728
32934,28604
32934,263652
32934,13536
32934,11232
32934,34019
32934,132882
32934,17378
32934,52941
32934,328366
32934,40809
32934,18264
32934,201791
32934,42981
32934,60294
32934,44655
32934,55734
32934,133297
32934,131931
32934,23184
32934,12897
32934,136522
32934,263087
32934,60718
32934,11722
32934,43890
32934,393874
32934,35311
32934,199330
32934,203698
32934,12902
32934,12634
32934,53230
32934,45916
32934,11758
32934,37239
32934,201764
32934,205483
32934,134705
32934,12362
32934,23252
32934,200960
32934,8530
32934,202196
32934,60752
32934,197197
32934,53727
32934,262854
32934,61898
32934,265065
32934,8452
32934,62240
32934,29226
32934,13825
32934,34723
32934,10024
32934,21765
32934,265703
32934,9104
32934,54665
32934,133372
32934,12731
32934,59507
32934,131310
32934,7679
32934,12302
32934,13414
32934,2381
32934,46416
32934,49463
32934,12388
32934,198334
32934,133403
32934,197400
32934,136308
32934,8301
32934,6910
32934,50581
32934,21392
32934,33886
32934,29305
32934,28226
32934,29465
32934,13489
32934,204258
32934,52896
32934,24993
32934,48767
32934,23815
32934,16509
32934,6900
32934,47841
32934,28168
32934,265347
32934,63516
32934,207056
32934,133615
32934,39386
32934,7668
32934,12670
32934,42555
32934,21412
32934,53137
32934,264552
32934,52320
32934,4589
32934,13122
32934,2688
32934,262737
32934,132563
32934,25516
32934,56990
32934,13249
32934,61006
32934,262516
32934,262571
32934,199061
32934,20115
32934,39216
32934,62560
32934,44065
32934,9049
32934,137601
32934,44896
32934,28165
32934,53008
32934,264863
32934,7632
32934,327960
32934,2635
32934,40475
32934,41653
32934,199475
32934,36351
32934,13193
32934,34820
32934,135267
32934,34135
32934,205705
32934,42656
32934,199846
32934,14371
32934,52858
32934,266344
32934,137367
32934,265656
32934,34442
32934,20810
32934,52596
32934,28931
32934,53102
32934,51744
32934,31400
32934,4862
32934,30176
32934,22548
32934,60350
32934,15498
32934,265086
32934,50016
32934,20799
32934,28792
32934,35228
32934,33843
32934,131933
32934,32425
32934,52683
32934,11014
32934,264429
32934,39469
32934,262605
32934,262288
32934,52871
32934,19750
32934,199706
32934,62217
32934,199125
32934,265950
32934,17665
32934,133245
32934,197262
32934,16734
32934,131917
32934,48526
32934,8816
32934,10002
32934,263321
32934,19151
32934,226
32934,135025
32934,51060
32934,61526
32934,7795
32934,28158
32934,263433
32934,36968
32934,32653
32934,37525
32934,327893
32934,56848
32934,32751
32934,42831
32934,26790
32934,202004
32934,13319
32934,53166
32934,266263
32934,20340
32934,199188
32934,43930
32934,46525
32934,133315
32934,51394
32934,34863
32934,44843
32934,196865
32934,33781
32934,262388
32934,266437
32934,206981
32934,50384
32934,50234
32934,24167
32934,264597
32934,9416
32934,6509
32934,8513
32934,47474
32934,36937
32934,62167
32934,8632
32934,203489
32934,15436
32934,53197
32934,264577
32934,61400
32934,42306
32934,13896
32934,18119
32934,6505
32934,262952
32934,3910
32934,22177
32934,262711
32934,265241
32934,31500
32934,21339
32934,197301
32934,31304
32934,18077
32934,34288
32934,43545
32934,44099
32934,132958
32934,40029
32934,8723
32934,35665
32934,58941
32934,23175
32934,15557
32934,28667
32934,136603
32934,42567
32934,262610
32934,264854
32934,202626
32934,62597
32934,32299
32934,50903
32934,262632
32934,6734
32934,12605
32934,47866
32934,51646
32934,14361
32934,27618
32934,8529
32934,37154
32934,264069
32934,35719
32934,135425
32934,262355
32934,263471
32934,263265
32934,51862
32934,47626
32934,263152
32934,264861
32934,61503
32934,28173
32934,263075
32934,52884
32934,52601
32934,61836
32934,46873
32934,28125
32934,12196
32934,328337
32934,12835
32934,21042
32934,42947
32934,198091
32934,28684
32934,44084
32934,200176
32934,63199
32934,12306
32934,10006
32934,49515
32934,131270
32934,200089
32934,4150
32934,8544
32934,47215
32934,394670
32934,62763
32934,16097
32934,266210
32934,62020
32934,43451
32934,24186
32934,26801
32934,31472
32934,64233
32934,136521
32934,54054
32934,5645
32934,262834
32934,327782
32934,28554
32934,61832
32934,133865
32934,6083
32934,27979
32934,52051
32934,4043
32934,29636
32934,4677
32934,22995
32934,34233
32934,17537
32934,262896
32934,3908
32934,24514
32934,132268
32934,263985
32934,393565
32934,62904
32934,132876
32934,29314
32934,134247
32934,262681
32934,41096
32934,31200
32934,58464
32934,203201
32934,262731
32934,134853
32934,11686
32934,57111
32934,20783
32934,19009
32934,53172
32934,60975
32934,13370
32934,20932
32934,8328
32934,264911
32934,264335
32934,56272
32934,39279
32934,44295
32934,29396
32934,262760
32934,36131
32934,20207
32934,55581
32934,265147
32934,1798
32934,55193
32934,46484
32934,198612
32934,327750
32934,42237
32934,197645
32934,58548
32934,52720
32934,28773
32934,203574
32934,13226
32934,43503
32934,24852
32934,31025
32934,3252
32934,20969
32934,17895
32934,2647
32934,24277
32934,50453
32934,24028
32934,4641
32934,39566
32934,41391
32934,54825
32934,2860
32934,34934
32934,19783
32934,16559
32934,35369
32934,14558
32934,22921
32934,3737
32934,32880
32934,64227
32934,50468
32934,133309
32934,62328
32934,133421
32934,22085
32934,8338
32934,18779
32934,15997
32934,263584
32934,11708
32934,53070
32934,37697
32934,135253
32934,7530
32934,12301
32934,132901
32934,131929
32934,53948
32934,9497
32934,37186
32934,18002
32934,25198
32934,8781
32934,60447
32934,29246
32934,133130
32934,2854
32934,9297
32934,59497
32934,13984
32934,5394
32934,201877
32934,48943
32934,13287
32934,29884
32934,42579
32934,136620
32934,62000
32934,3267
32934,28654
32934,45411
32934,134078
32934,4693
32934,38310
32934,61826
32934,52551
32934,52989
32934,264152
32934,37479
32934,33419
32934,7057
32934,8038
32934,51406
32934,13895
32934,45686
32934,11664
32934,37546
32934,33108
32934,38955
32934,1120
32934,197902
32934,135543
32934,262548
32934,33588
32934,34781
32934,196689
32934,262685
32934,262750
32934,61924
32934,265389
32934,47627
32934,31252
32934,7500
32934,7784
32934,9229
32934,197000
32934,50809
32934,53053
32934,135180
32934,15224
32934,7473
32934,6295
32934,62708
32934,24193
32934,27026
32934,62296
32934,62182
32934,28201
32934,29802
32934,37054
32934,41268
32934,199805
32934,14037
32934,263784
32934,39614
32934,42010
32934,6082
32934,26615
32934,263049
32934,53184
32934,13101
32934,42929
32934,50618
32934,41420
32934,134053
32934,9269
32934,37100
32934,49102
32934,264202
32934,37629
32934,43531
32934,199524
32934,205389
32934,53221
32934,36374
32934,136323
32934,133311
32934,198529
32934,43833
32934,9158
32934,134548
32934,262402
32934,14860
32934,8447
32934,48362
32934,55720
32934,31554
32934,61587
32934,198525
32934,51782
32934,31459
32934,41156
32934,53139
32934,57613
32934,328216
32934,14340
32934,52439
32934,262908
32934,53708
32934,35834
32934,39637
32934,263047
32934,58793
32934,394738
32934,23419
32934,59554
32934,198611
32934,134254
32934,58299
32934,12580
32934,327733
32934,4678
32934,42585
32934,60144
32934,267088
32934,23265
32934,395487
32934,39180
32934,133164
32934,266341
32934,11399
32934,39107
32934,53231
32934,41820
32934,205810
32934,50837
32934,21315
32934,202954
32934,9667
32934,204019
32934,43013
32934,15702
32934,31769
32934,52962
32934,262323
32934,199364
32934,2518
32934,38883
32934,36445
32934,52923
32934,29452
32934,34409
32934,4795
32934,12842
32934,286
32934,54523
32934,25460
32934,61296
32934,265912
32934,204861
32934,35489
32934,264827
32934,4927
32934,394625
32934,16371
32934,63916
32934,19324
32934,27964
32934,328137
32934,52106
32934,49888
32934,53192
32934,265016
32934,31117
32934,27630
32934,55195
32934,30971
32934,60876
32934,45942
32934,134326
32934,135801
32934,263269
32934,262807
32934,263003
32934,18931
32934,19528
32934,39905
32934,12695
32934,205206
32934,44608
32934,264486
32934,37996
32934,41379
32934,8641
32934,56109
32934,35220
32934,52092
32934,42310
32934,201081
32934,262557
32934,5017
32934,48602
32934,265464
32934,264138
32934,48654
32934,265662
32934,32097
32934,20718
32934,29278
32934,53075
32934,135852
32934,327909
32934,134937
32934,577
32934,53340
32934,265144
32934,28656
32934,23881
32934,17465
32934,394650
32934,7459
32934,33986
32934,197922
32934,32421
32934,262462
32934,203658
32934,47872
32934,52348
32934,33616
32934,32212
32934,12390
32934,12759
32934,39233
32934,48620
32934,31477
32934,51681
32934,37225
32934,198004
32934,62947
32934,262680
32934,262409
32934,327826
32934,131923
32934,26609
32934,25424
32934,15695
32934,40065
32934,206999
32934,11279
32934,29909
32934,37199
32934,40511
32934,13739
32934,396914
32934,134366
32934,48626
32934,60764
32934,57723
32934,203821
32934,22645
32934,42227
32934,135294
32934,204598
32934,56396
32934,28132
32934,262968
32934,263702
32934,200005
32934,16265
32934,7862
32934,14500
32934,7155
32934,20940
32934,58627
32934,202087
32934,199723
32934,263328
32934,57219
32934,2906
32934,49218
32934,49695
32934,35916
32934,12129
32934,137065
32934,63383
32934,135423
32934,268221
32934,327996
32934,132960
32934,263499
32934,44611
32934,50010
32934,2602
32934,263411
32934,202932
32934,7175
32934,134672
32934,31148
32934,30076
32934,45187
32934,24157
32934,20081
32934,328266
32934,45267
32934,50244
32934,46
32934,7849
32934,59702
32934,134942
32934,30889
32934,3223
32934,28186
32934,263651
32934,199490
32934,34450
32934,109
32934,7682
32934,17222
32934,61888
32934,132492
32934,8535
32934,42909
32934,28306
32934,58552
32934,267613
32934,198507
32934,47628
32934,131918
32934,29918
32934,48487
32934,51483
32934,14627
32934,3302
32934,17747
32934,6730
32934,52075
32934,201277
32934,48305
32934,206642
32934,135813
32934,21804
32934,21396
32934,33445
32934,42204
32934,34087
32934,262749
32934,263336
32934,28669
32934,32204
32934,61231
32934,40068
32934,11979
32934,27848
32934,133535
32934,56575
32934,7992
32934,28328
32934,37312
32934,132116
32934,57141
32934,56550
32934,203180
32934,12315
32934,135844
32934,28131
32934,327872
32934,7838
32934,2044
32934,15422
32934,7529
32934,41913
32934,34867
32934,20836
32934,9749
32934,267443
32934,263057
32934,8804
32934,43142
32934,206299
32934,4760
32934,203640
32934,44431
32934,267530
32934,328334
32934,36184
32934,13727
32934,25752
32934,56478
32934,135809
32934,55862
32934,327790
32934,266776
32934,32354
32934,25590
32934,265027
32934,264518
32934,263541
32934,266112
32934,29329
32934,7091
32934,30972
32934,39020
32934,49300
32934,28229
32934,263251
32934,328001
32934,41690
32934,199121
32934,8218
32934,25133
32934,264189
32934,38158
32934,53837
32934,45496
32934,53236
32934,50624
32934,1136
32934,47232
32934,135513
32934,262354
32934,39087
32934,136175
32934,12625
32934,45220
32934,37693
32934,53005
32934,9892
32934,132998
32934,43350
32934,48293
32934,12696
32934,28216
32934,6181
32934,23913
32934,53169
32934,266713
32934,133469
32934,393220
32934,57269
32934,50522
32934,262794
32934,133749
32934,53130
32934,264071
32934,10001
32934,16174
32934,59560
32934,4773
32934,30851
32934,37308
32934,41090
32934,22750
32934,262237
32934,132961
32934,1239
32934,17356
32934,17683
32934,328114
32934,61910
32934,135705
32934,59964
32934,21782
32934,135607
32934,200738
32934,264460
32934,264016
32934,263237
32934,45102
32934,24642
32934,28001
32934,262780
32934,7477
32934,28191
32934,53115
32934,53090
32934,51184
32934,7506
32934,49360
32934,203319
32934,47727
32934,18255
32934,15388
32934,45144
32934,15691
32934,60602
32934,200800
32934,14390
32934,262617
32934,28143
32934,9876
32934,48945
32934,15366
32934,14443
32934,23816
32934,13703
32934,263990
32934,265999
32934,19711
32934,34119
32934,132865
32934,5483
32934,34141
32934,23138
32934,198781
32934,35266
32934,9650
32934,28634
32934,28211
32934,37675
32934,199265
32934,5500
32934,20633
32934,45763
32934,28338
32934,1221
32934,50857
32934,327939
32934,852
32934,27464
32934,38634
32934,15734
32934,262775
32934,36889
32934,197833
32934,198493
32934,62166
32934,199522
32934,29263
32934,32338
32934,36923
32934,39651
32934,133077
32934,20924
32934,197709
32934,54104
32934,5009
32934,7575
32934,12654
32934,133895
32934,4647
32934,23404
32934,47172
32934,7606
32934,12985
32934,18260
32934,35998
32934,264479
32934,28577
32934,24953
32934,27566
32934,9351
32934,9137
32934,266574
32934,37628
32934,20514
32934,6777
32934,205668
32934,132405
32934,133324
32934,38082
32934,47638
32934,45839
32934,6853
32934,57782
32934,42000
32934,132330
32934,2515
32934,265715
32934,37399
32934,328156
32934,203596
32934,35179
32934,267232
32934,45356
32934,28364
32934,263083
32934,37266
32934,131911
32934,14969
32934,44943
32934,21502
32934,14571
32934,199503
32934,39102
32934,138041
32934,24679
32934,8677
32934,29152
32934,57734
32934,15035
32934,12773
32934,45014
32934,7552
32934,62336
32934,21176
32934,8615
32934,15280
32934,395853
32934,327894
32934,27345
32934,59933
32934,49981
32934,39605
32934,57055
32934,18450
32934,9443
32934,50606
32934,7687
32934,39878
32934,60134
32934,24768
32934,6895
32934,62887
32934,35787
32934,134883
32934,44494
32934,45510
32934,41722
32934,6079
32934,6315
32934,57695
32934,41695
32934,24586
32934,38858
32934,266201
32934,21719
32934,32806
32934,203885
32934,19165
32934,13760
32934,18859
32934,29697
32934,266475
32934,200480
32934,26972
32934,50986
32934,28311
32934,264367
32934,135373
32934,33554
32934,264575
32934,267522
32934,201106
32934,7049
32934,12480
32934,12430
32934,135036
32934,395505
32934,262502
32934,28139
32934,328033
32934,1547
32934,200185
32934,6738
32934,15435
32934,262791
32934,37673
32934,135171
32934,30640
32934,203712
32934,25148
32934,18218
32934,28280
32934,28210
32934,262489
32934,37618
32934,54182
32934,51409
32934,8596
32934,6102
32934,135269
32934,27193
32934,49052
32934,37317
32934,49378
32934,328036
32934,63949
32934,25459
32934,52888
32934,262585
32934,20771
32934,42587
32934,42841
32934,48105
32934,5505
32934,136451
32934,266818
32934,135739
32934,203789
32934,264101
32934,53170
32934,9989
32934,327987
32934,14833
32934,26788
32934,198342
32934,47522
32934,7489
32934,34309
32934,21263
32934,5404
32934,23708
32934,135817
32934,18278
32934,61650
32934,266039
32934,20562
32934,8304
32934,21309
32934,16397
32934,11647
32934,132167
32934,136336
32934,25512
32934,32590
32934,32444
32934,8308
32934,43995
32934,28846
32934,197422
32934,12618
32934,28605
32934,265188
32934,264785
32934,61124
32934,207013
32934,39309
32934,264531
32934,10102
32934,10225
32934,262485
32934,14492
32934,553
32934,12871
32934,44858
32934,48145
32934,262792
32934,52967
32934,265260
32934,9123
32934,31042
32934,59796
32934,45269
32934,395383
32934,7850
32934,9231
32934,18283
32934,24279
32934,55081
32934,263009
32934,57629
32934,55839
32934,45945
32934,51933
32934,1101
32934,61704
32934,23114
32934,10474
32934,21267
32934,203231
32934,328197
32934,328336
32934,47720
32934,205679
32934,132046
32934,52689
32934,393513
32934,14586
32934,11385
32934,8881
32934,197075
32934,28855
32934,24220
32934,64098
32934,393380
32934,15399
32934,12941
32934,51531
32934,265207
32934,27983
32934,14115
32934,198093
32934,44454
32934,61570
32934,264052
32934,8866
32934,47297
32934,199660
32934,47836
32934,328251
32934,61522
32934,133590
32934,6779
32934,28303
32934,263276
32934,36040
32934,21430
32934,327943
32934,50957
32934,199837
32934,44914
32934,23627
32934,264223
32934,197482
32934,6122
32934,58910
32934,17416
32934,55329
32934,262828
32934,262949
32934,52686
32934,202395
32934,32808
32934,25905
32934,45932
32934,53072
32934,36824
32934,11796
32934,38193
32934,63131
32934,28250
32934,4609
32934,9264
32934,13009
32934,13054
32934,50655
32934,265061
32934,59572
32934,17473
32934,7829
32934,20986
32934,202069
32934,30880
32934,35104
32934,37542
32934,50066
32934,26120
32934,20459
32934,197540
32934,52977
32934,262293
32934,22302
32934,263145
32934,64404
32934,14907
32934,17451
32934,34997
32934,49367
32934,24173
32934,12329
32934,51795
32934,202140
32934,40581
32934,8359
32934,5713
32934,60868
32934,37276
32934,328210
32934,50247
32934,4777
32934,265184
32934,198416
32934,13006
32934,8387
32934,17955
32934,53218
32934,9050
32934,136353
32934,200562
32934,58882
32934,40123
32934,263421
32934,28258
32934,45558
32934,131602
32934,263572
32934,37527
32934,131210
32934,19310
32934,1916
32934,20764
32934,27257
32934,136784
32934,393950
32934,8714
32934,266098
32934,202971
32934,266534
32934,7738
32934,54183
32934,199863
32934,32586
32934,23731
32934,200889
32934,133173
32934,20485
32934,13618
32934,203591
32934,204858
32934,6327
32934,31251
32934,54816
32934,51514
32934,264114
32934,327761
32934,202228
32934,197669
32934,205917
32934,58879
32934,47764
32934,13357
32934,30496
32934,41809
32934,9304
32934,20676
32934,53264
32934,200043
32934,58430
32934,43656
32934,43996
32934,28941
32934,34106
32934,263042
32934,9999
32934,7475
32934,43679
32934,34304
32934,9038
32934,35313
32934,49697
32934,11260
32934,10803
32934,265644
32934,17685
32934,58587
32934,135847
32934,19919
32934,8966
32934,8426
32934,24218
32934,34066
32934,57866
32934,50333
32934,20832
32934,15594
32934,29670
32934,29286
32934,46632
32934,32621
32934,9583
32934,50923
32934,38851
32934,20495
32934,262757
32934,60357
32934,206762
32934,45474
32934,133326
32934,40028
32934,263728
32934,50292
32934,205402
32934,31877
32934,10143
32934,266131
32934,197690
32934,32787
32934,17143
32934,59125
32934,54483
32934,10135
32934,19399
32934,32489
32934,264437
32934,29791
32934,24931
32934,35617
32934,201105
32934,267406
32934,42775
32934,9070
32934,136289
32934,61203
32934,714
32934,60532
32934,262847
32934,262532
32934,38199
32934,16376
32934,42541
32934,17726
32934,61589
32934,54376
32934,34006
32934,3662
32934,52664
32934,59959
32934,204179
32934,22822
32934,29611
32934,14537
32934,393470
32934,262589
32934,196752
32934,15874
32934,327850
32934,28330
32934,263897
32934,23171
32934,29244
32934,33353
32934,394739
32934,60171
32934,134555
32934,199413
32934,48310
32934,10490
32934,25557
32934,28294
32934,396253
32934,8717
32934,31263
32934,31115
32934,137617
32934,136673
32934,56941
32934,264582
32934,262690
32934,19515
32934,327930
32934,12713
32934,8282
32934,53175
32934,48821
32934,27299
32934,264238
32934,2593
32934,25369
32934,29014
32934,62023
32934,137445
32934,58966
32934,264459
32934,668
32934,40220
32934,28360
32934,8343
32934,4648
32934,23930
32934,24263
32934,133255
32934,61928
32934,43708
32934,37153
32934,200594
32934,22518
32934,25394
32934,57633
32934,23274
32934,198418
32934,133530
32934,36731
32934,262659
32934,45240
32934,21743
32934,49158
32934,34942
32934,133612
32934,263583
32934,394070
32934,264492
32934,133189
32934,17054
32934,53494
32934,12392
32934,10084
32934,4721
32934,35908
32934,138033
32934,132857
32934,28169
32934,135792
32934,6939
32934,19653
32934,23520
32934,25593
32934,61194
32934,2863
32934,15962
32934,30028
32934,49405
32934,132196
32934,38622
32934,265871
32934,135777
32934,45661
32934,36640
32934,72
32934,15426
32934,33247
32934,30870
32934,24183
32934,61582
32934,266260
32934,3491
32934,10242
32934,31084
32934,17709
32934,132453
32934,264802
32934,28319
32934,3257
32934,31727
32934,6724
32934,56286
32934,264815
32934,34245
32934,23944
32934,132586
32934,264723
32934,4761
32934,203421
32934,49453
32934,262977
32934,48061
32934,49917
32934,206758
32934,33047
32934,262988
32934,267544
32934,60458
32934,24441
32934,16218
32934,6881
32934,20804
32934,203568
32934,31510
32934,23620
32934,262729
32934,14463
32934,59432
32934,48666
32934,35244
32934,3262
32934,59545
32934,53116
32934,135814
32934,4628
32934,205569
32934,135729
32934,132559
32934,38182
32934,37678
32934,44332
32934,47748
32934,51619
32934,262317
32934,37157
32934,39319
32934,21345
32934,15802
32934,44306
32934,24255
32934,3856
32934,33438
32934,53043
32934,48072
32934,29462
32934,196729
32934,28145
32934,3786
32934,53224
32934,28252
32934,50782
32934,134171
32934,27647
32934,12824
32934,35297
32934,200781
32934,13000
32934,51405
32934,18596
32934,201641
32934,135158
32934,136651
32934,33005
32934,199221
32934,264409
32934,264268
32934,328346
32934,23805
32934,44444
32934,134399
32934,49964
32934,23820
32934,38987
32934,61588
32934,41364
32934,134014
32934,35028
32934,61751
32934,50287
32934,25466
32934,197227
32934,262287
32934,328173
32934,47692
32934,62239
32934,63772
32934,28624
32934,134899
32934,56847
32934,202276
32934,23947
32934,204995
32934,53158
32934,133232
32934,5413
32934,49009
32934,20121
32934,136764
32934,133597
32934,23393
32934,197731
32934,26677
32934,61525
32934,13064
32934,9328
32934,35592
32934,51050
32934,33763
32934,20596
32934,30818
32934,41160
32934,328360
32934,27887
32934,51823
32934,264797
32934,21453
32934,200930
32934,25764
32934,39072
32934,11039
32934,263591
32934,37286
32934,35180
32934,49289
32934,22873
32934,47275
32934,135850
32934,52078
32934,1299
32934,39444
32934,22748
32934,57363
32934,264923
32934,37658
32934,37650
32934,10015
32934,12676
32934,6697
32934,18568
32934,262838
32934,135526
32934,42861
32934,265330
32934,263625
32934,55850
32934,262468
32934,28135
32934,264426
32934,17941
32934,17639
32934,38456
32934,262167
32934,394354
32934,11870
32934,393891
32934,20766
32934,199230
32934,50372
32934,206405
32934,55391
32934,37720
32934,206736
32934,11271
32934,265858
32934,133982
32934,199888
32934,37933
32934,132894
32934,53222
32934,263964
32934,10089
32934,202895
32934,32098
32934,29933
32934,3595
32934,396071
32934,3401
32934,63888
32934,198290
32934,55480
32934,262493
32934,58907
32934,37613
32934,29632
32934,62275
32934,16168
32934,7527
32934,49344
32934,133159
32934,18094
32934,133968
32934,6679
32934,31272
32934,12350
32934,29606
32934,16217
32934,394744
32934,3630
32934,14413
32934,36515
32934,17511
32934,51399
32934,50061
32934,51088
32934,5690
32934,44123
32934,134325
32934,58620
32934,13213
32934,61266
32934,33302
32934,12732
32934,39729
32934,35090
32934,135406
32934,50821
32934,44212
32934,199335
32934,15672
32934,264590
32934,24971
32934,36734
32934,53066
32934,28352
32934,133579
32934,16086
32934,38924
32934,328068
32934,18705
32934,394141
32934,25291
32934,51446
32934,134008
32934,207101
32934,56983
32934,17898
32934,33737
32934,51257
32934,39136
32934,31127
32934,47608
32934,262893
32934,44002
32934,56349
32934,33724
32934,41847
32934,133936
32934,7690
32934,48956
32934,6677
32934,6717
32934,40339
32934,3169
32934,34594
32934,5764
32934,51290
32934,20717
32934,52877
32934,262745
32934,7521
32934,3356
32934,54329
32934,47999
32934,46609
32934,55507
32934,197524
32934,52579
32934,266368
32934,266586
32934,37892
32934,12290
32934,22324
32934,52300
32934,24955
32934,48224
32934,26133
32934,35985
32934,43366
32934,250
32934,134067
32934,54574
32934,11635
32934,42673
32934,19754
32934,20681
32934,13097
32934,17931
32934,28366
32934,136989
32934,52527
32934,28370
32934,263086
32934,263142
32934,34790
32934,17686
32934,37897
32934,28978
32934,12555
32934,48326
32934,52079
32934,262766
32934,55944
32934,263789
32934,49063
32934,199346
32934,204346
32934,21478
32934,53185
32934,132142
32934,135872
32934,17625
32934,9145
32934,200052
32934,30766
32934,8636
32934,26282
32934,263073
32934,28305
32934,264295
32934,58779
32934,13335
32934,4780
32934,42543
32934,10019
32934,58243
32934,38726
32934,6768
32934,200155
32934,41028
32934,203605
32934,262213
32934,36213
32934,265181
32934,22691
32934,14211
32934,135214
32934,135192
32934,262568
32934,266771
32934,266094
32934,30517
32934,2519
32934,8744
32934,262733
32934,4594
32934,263356
32934,37105
32934,8683
32934,196925
32934,199599
32934,34779
32934,265496
32934,264380
32934,17494
32934,133724
32934,27524
32934,47408
32934,45896
32934,59940
32934,39545
32934,197965
32934,24203
32934,5602
32934,262822
32934,52339
32934,15305
32934,50352
32934,20634
32934,37656
32934,38466
32934,267264
32934,8637
32934,19082
32934,1251
32934,264311
32934,30764
32934,37596
32934,20394
32934,8554
32934,45186
32934,62593
32934,58725
32934,28642
32934,27552
32934,327892
32934,327817
32934,20811
32934,8399
32934,5662
32934,56308
32934,62856
32934,36459
32934,6648
32934,37282
32934,55967
32934,1422
32934,5418
32934,21488
32934,199064
32934,12615
32934,28576
32934,262614
32934,12033
32934,53610
32934,12519
32934,56258
32934,17483
32934,136302
32934,138222
32934,263508
32934,10003
32934,202006
32934,60339
32934,42624
32934,43573
32934,262704
32934,16523
32934,33361
32934,262667
32934,266167
32934,11830
32934,201535
32934,57068
32934,15085
32934,16211
32934,264704
32934,202103
32934,328267
32934,28212
32934,39608
32934,17557
32934,38278
32934,200129
32934,30132
32934,6762
32934,15879
32934,32678
32934,49633
32934,24589
32934,327745
32934,199659
32934,203164
32934,60022
32934,131314
32934,262481
32934,199952
32934,204821
32934,18840
32934,206356
32934,8224
32934,53001
32934,11272
32934,265830
32934,39449
32934,262696
32934,264290
32934,8201
32934,136334
32934,1680
32934,21013
32934,1140
32934,62638
32934,328049
32934,35017
32934,52836
32934,263055
32934,18747
32934,265980
32934,60917
32934,3225
32934,34123
32934,205697
32934,202120
32934,55803
32934,52712
32934,264959
32934,198040
32934,47481
32934,18001
32934,200023
32934,135328
32934,17939
32934,268581
32934,34144
32934,50575
32934,6643
32934,12975
32934,3326
32934,9280
32934,2874
32934,262338
32934,263209
32934,8251
32934,25560
32934,2200
32934,200799
32934,20751
32934,42689
32934,47372
32934,262957
32934,328110
32934,39816
32934,263525
32934,17689
32934,16696
32934,134861
32934,8839
32934,13002
32934,50295
32934,5111
32934,263018
32934,5650
32934,31463
32934,198435
32934,262848
32934,4323
32934,47998
32934,198622
32934,61580
32934,55923
32934,134262
32934,7670
32934,1200
32934,58927
32934,262374
32934,263081
32934,11924
32934,31078
32934,198726
32934,53106
32934,206890
32934,35399
32934,23824
32934,266017
32934,7496
32934,53087
32934,52765
32934,263968
32934,134312
32934,23473
32934,56665
32934,30259
32934,48544
32934,17666
32934,5524
32934,27955
32934,3549
32934,45177
32934,31449
32934,23550
32934,29649
32934,62445
32934,135104
32934,44788
32934,34419
32934,25596
32934,11342
32934,15256
32934,58682
32934,134028
32934,202744
32934,11191
32934,43727
32934,41059
32934,39709
32934,25761
32934,11123
32934,45348
32934,263072
32934,11550
32934,26792
32934,62044
32934,5403
32934,27924
32934,8953
32934,32613
32934,28287
32934,51468
32934,17506
32934,265206
32934,34171
32934,263616
32934,328023
32934,7772
32934,1267
32934,38197
32934,61749
32934,202054
32934,197837
32934,43037
32934,10848
32934,393223
32934,131274
32934,262394
32934,36730
32934,26156
32934,17890
32934,10678
32934,26106
32934,328220
32934,206314
32934,198313
32934,28748
32934,8095
32934,28610
32934,262739
32934,174
32934,40788
32934,10010
32934,395768
32934,200455
32934,28757
32934,42612
32934,131607
32934,28573
32934,263905
32934,22363
32934,41313
32934,136552
32934,16030
32934,12905
32934,49375
32934,41412
32934,12327
32934,18221
32934,43893
32934,39661
32934,134258
32934,25441
32934,14630
32934,2119
32934,4694
32934,26914
32934,20880
32934,41201
32934,262478
32934,134004
32934,2018
32934,25178
32934,24724
32934,41033
32934,262868
32934,11815
32934,45194
32934,10704
32934,46811
32934,35432
32934,43445
32934,11338
32934,52751
32934,53152
32934,134006
32934,14793
32934,50763
32934,39931
32934,197405
32934,45582
32934,14713
32934,262802
32934,266420
32934,134916
32934,25653
32934,52637
32934,263606
32934,29259
32934,204786
32934,202022
32934,18182
32934,33796
32934,263880
32934,264332
32934,264381
32934,135226
32934,396951
32934,31242
32934,61098
32934,3220
32934,28299
32934,264244
32934,18200
32934,59169
32934,8468
32934,18059
32934,48283
32934,135126
32934,201531
32934,48237
32934,199408
32934,267113
32934,327822
32934,44994
32934,58656
32934,262195
32934,262725
32934,20911
32934,8764
32934,57169
32934,8587
32934,262777
32934,26459
32934,63113
32934,40739
32934,33891
32934,134396
32934,26415
32934,48453
32934,327897
32934,25595
32934,46506
32934,10098
32934,9313
32934,263569
32934,4224
32934,34279
32934,29091
32934,6866
32934,3255
32934,12993
32934,18117
32934,5769
32934,20712
32934,22772
32934,41693
32934,135391
32934,20640
32934,23316
32934,262595
32934,266793
32934,41953
32934,197418
32934,26531
32934,262612
32934,38753
32934,23829
32934,199396
32934,58591
32934,55806
32934,395478
32934,5400
32934,34655
32934,28725
32934,28202
32934,263855
32934,265427
32934,266357
32934,21523
32934,13871
32934,46435
32934,198849
32934,64067
32934,135247
32934,4685
32934,4764
32934,20406
32934,52824
32934,34569
32934,11742
32934,44953
32934,40193
32934,32869
32934,38565
32934,59899
32934,61865
32934,28255
32934,264160
32934,62537
32934,53587
32934,264127
32934,41644
32934,48348
32934,328051
32934,263395
32934,203976
32934,17444
32934,28665
32934,14551
32934,267280
32934,134835
32934,45629
32934,200924
32934,61709
32934,265959
32934,28209
32934,28241
32934,265341
32934,263674
32934,41095
32934,36222
32934,47441
32934,45410
32934,132215
32934,203255
32934,137562
32934,134913
32934,3300
32934,34347
32934,4621
32934,24207
32934,53062
32934,11492
32934,264806
32934,15247
32934,60800
32934,29208
32934,56611
32934,62363
32934,132890
32934,38639
32934,132923
32934,265806
32934,199860
32934,262724
32934,203667
32934,14280
32934,7752
32934,15743
32934,26496
32934,133971
32934,263077
32934,134697
32934,37302
32934,39257
32934,34772
32934,49024
32934,55420
32934,200031
32934,16713
32934,204264
32934,15954
32934,37172
32934,11084
32934,44194
32934,9848
32934,50472
32934,31034
32934,3238
32934,63031
32934,200966
32934,263649
32934,59102
32934,12956
32934,42228
32934,45899
32934,5390
32934,268430
32934,327700
32934,18070
32934,29467
32934,32286
32934,35260
32934,58505
32934,5541
32934,7594
32934,263297
32934,263290
32934,5503
32934,51603
32934,12470
32934,199939
32934,7511
32934,11383
32934,207156
32934,26088
32934,2856
32934,41289
32934,39702
32934,53131
32934,53211
32934,42459
32934,206720
32934,262788
32934,133613
32934,205099
32934,199139
32934,37482
32934,29608
32934,267458
32934,266374
32934,45845
32934,134056
32934,23871
32934,4230
32934,134809
32934,28890
32934,53240
32934,135266
32934,136956
32934,135256
32934,17012
32934,51159
32934,262539
32934,55352
32934,34968
32934,263124
32934,199473
32934,32415
32934,30827
32934,31595
32934,21101
32934,4128
32934,24904
32934,133023
32934,58969
32934,8455
32934,25160
32934,264543
32934,265187
32934,205260
32934,31577
32934,262669
32934,263128
32934,43599
32934,10083
32934,21485
32934,137609
32934,61584
32934,263415
32934,41753
32934,31276
32934,55219
32934,56182
32934,23673
32934,28343
32934,37349
32934,25415
32934,64050
32934,30188
32934,33011
32934,40676
32934,8674
32934,30081
32934,33748
32934,18650
32934,264230
32934,35761
32934,8331
32934,262901
32934,263361
32934,7005
32934,13538
32934,15547
32934,16316
32934,61349
32934,29553
32934,35585
32934,135876
32934,198967
32934,16154
32934,47869
32934,8195
32934,396984
32934,42927
32934,14203
32934,8607
32934,8902
32934,27822
32934,264602
32934,262296
32934,327995
32934,47914
32934,34555
32934,50324
32934,263675
32934,15614
32934,1126
32934,48659
32934,16586
32934,55182
32934,8400
32934,57365
32934,57724
32934,2110
32934,264215
32934,36280
32934,1257
32934,3209
32934,197447
32934,37035
32934,23860
32934,36932
32934,29413
32934,206359
32934,55769
32934,28851
32934,21859
32934,133994
32934,8819
32934,23778
32934,6623
32934,37049
32934,327936
32934,200077
32934,7415
32934,11468
32934,262865
32934,5563
32934,267452
32934,132976
32934,202085
32934,41887
32934,262993
32934,132847
32934,10617
32934,38719
32934,12360
32934,51324
32934,201518
32934,266852
32934,133678
32934,133638
32934,7522
32934,15008
32934,203040
32934,42477
32934,132245
32934,263053
32934,263801
32934,52363
32934,29838
32934,50823
32934,197898
32934,44513
32934,264765
32934,6660
32934,28183
32934,24535
32934,47949
32934,33082
32934,20565
32934,20857
32934,20559
32934,30419
32934,3165
32934,44259
32934,8422
32934,49605
32934,5409
32934,8374
32934,41691
32934,199256
32934,2603
32934,7363
32934,197038
32934,38220
32934,53037
32934,263776
32934,132933
32934,206186
32934,394140
32934,31334
32934,51018
32934,48858
32934,62193
32934,28968
32934,61195
32934,328270
32934,8262
32934,13273
32934,48539
32934,7595
32934,262761
32934,52542
32934,52846
32934,60517
32934,201283
32934,54827
32934,53678
32934,47096
32934,3213
32934,8926
32934,52697
32934,14026
32934,61154
32934,132751
32934,101
32934,47264
32934,60772
32934,37150
32934,56730
32934,9873
32934,200478
32934,264580
32934,197809
32934,54119
32934,396303
32934,16039
32934,36143
32934,26223
32934,262353
32934,52431
32934,201427
32934,207083
32934,35843
32934,27693
32934,2590
32934,8943
32934,30071
32934,265185
32934,265639
32934,267294
32934,12722
32934,328214
32934,19016
32934,395466
32934,56329
32934,205801
32934,265348
32934,133275
32934,136902
32934,137139
32934,19679
32934,2559
32934,50304
32934,263655
32934,3292
32934,38861
32934,394018
32934,327698
32934,13147
32934,24538
32934,39375
32934,53045
32934,41297
32934,202222
32934,18403
32934,15693
32934,56515
32934,26744
32934,52625
32934,6461
32934,16652
32934,45960
32934,35184
32934,58980
32934,132458
32934,61951
32934,8449
32934,3130
32934,24043
32934,24516
32934,61200
32934,14576
32934,7029
32934,55256
32934,9189
32934,58765
32934,26163
32934,52769
32934,262408
32934,134922
32934,9121
32934,20853
32934,17514
32934,10674
32934,36873
32934,46043
32934,30900
32934,263482
32934,29083
32934,6057
32934,394497
32934,10000
32934,56065
32934,11269
32934,7908
32934,42416
32934,20830
32934,12310
32934,37333
32934,132573
32934,45230
32934,263478
32934,265377
32934,12690
32934,40015
32934,135553
32934,2597
32934,262561
32934,198579
32934,14928
32934,197440
32934,29680
32934,265886
32934,25358
32934,35717
32934,16524
32934,34209
32934,4788
32934,36817
32934,199670
32934,12843
32934,52666
32934,262756
32934,48641
32934,37515
32934,19116
32934,16004
32934,4711
32934,17604
32934,37916
32934,137140
32934,10594
32934,51577
32934,34572
32934,132255
32934,61929
32934,328145
32934,24990
32934,48913
32934,53459
32934,263019
32934,262403
32934,262333
32934,201661
32934,11179
32934,45838
32934,54002
32934,11976
32934,32505
32934,5603
32934,29990
32934,35676
32934,264293
32934,15022
32934,40526
32934,21949
32934,135754
32934,38322
32934,51326
32934,264233
32934,133989
32934,266995
32934,265074
32934,4837
32934,6735
32934,48374
32934,262692
32934,264768
32934,133674
32934,394749
32934,57731
32934,37273
32934,15895
32934,15348
32934,46276
32934,2818
32934,44684
32934,204222
32934,13868
32934,16150
32934,202306
32934,40773
32934,263460
32934,61673
32934,202831
32934,9165
32934,22384
32934,61902
32934,28638
32934,47493
32934,9033
32934,1226
32934,11090
32934,39470
32934,136743
32934,53065
32934,131926
32934,201080
32934,24753
32934,38809
32934,262611
32934,52688
32934,50643
32934,15149
32934,34011
32934,34966
32934,197113
32934,23074
32934,43369
32934,28271
32934,267279
32934,199434
32934,37314
32934,11142
32934,1280
32934,31742
32934,43190
32934,264707
32934,394676
32934,52532
32934,33211
32934,201942
32934,2734
32934,29073
32934,25943
32934,41552
32934,199645
32934,29404
32934,23780
32934,6968
32934,37634
32934,3741
32934,131609
32934,262671
32934,262509
32934,44692
32934,60695
32934,54661
32934,63928
32934,51243
32934,18268
32934,17828
32934,25447
32934,50272
32934,53202
32934,264096
32934,15433
32934,196753
32934,14633
32934,264598
32934,54994
32934,37009
32934,47631
32934,31319
32934,263963
32934,18390
32934,51263
32934,39915
32934,198570
32934,201201
32934,27202
32934,20647
32934,59699
32934,28590
32934,64252
32934,4800
32934,43848
32934,45671
32934,30528
32934,267428
32934,58500
32934,32550
32934,12512
32934,37497
32934,44416
32934,34108
32934,262464
32934,5664
32934,328065
32934,266655
32934,133589
32934,12779
32934,45785
32934,39642
32934,18419
32934,35258
32934,38016
32934,52290
32934,51944
32934,15773
32934,51023
32934,34659
32934,62499
32934,61659
32934,5466
32934,29037
32934,9197
32934,132022
32934,12414
32934,64073
32934,52937
32934,266423
32934,56595
32934,8680
32934,61323
32934,7505
32934,44347
32934,28760
32934,7048
32934,267673
32934,262428
32934,328112
32934,264527
32934,6922
32934,9381
32934,203416
32934,53171
32934,262715
32934,262307
32934,28066
32934,59395
32934,47195
32934,62469
32934,131920
32934,132533
32934,48500
32934,198271
32934,262734
32934,37611
32934,32709
32934,15605
32934,44217
32934,136677
32934,59415
32934,57099
32934,48347
32934,22964
32934,39598
32934,2614
32934,135810
32934,32244
32934,17922
32934,52438
32934,262770
32934,15447
32934,3479
32934,23105
32934,9044
32934,5588
32934,8319
32934,6876
32934,9824
32934,34606
32934,50673
32934,263646
32934,28187
32934,4844
32934,133296
32934,204880
32934,6067
32934,31122
32934,60362
32934,26198
32934,52932
32934,200083
32934,206264
32934,197156
32934,12212
32934,19382
32934,262684
32934,266121
32934,4637
32934,27281
32934,57356
32934,197589
32934,32479
32934,9993
32934,15516
32934,395309
32934,600
32934,23467
32934,33483
32934,13005
32934,52974
32934,263353
32934,37417
32934,133684
32934,29141
32934,203779
32934,49492
32934,23106
32934,30990
32934,393225
32934,30919
32934,18199
32934,19930
32934,16735
32934,37179
32934,8859
32934,680
32934,45680
32934,201401
32934,11403
32934,1121
32934,134929
32934,196844
32934,62713
32934,4058
32934,327935
32934,202936
32934,37271
32934,196610
32934,31673
32934,263154
32934,29430
32934,28178
32934,55855
32934,207028
32934,32217
32934,36707
32934,13004
32934,9621
32934,133664
32934,35551
32934,43406
32934,37368
32934,24554
32934,46562
32934,16591
32934,48296
32934,135060
32934,13926
32934,58291
32934,24313
32934,13331
32934,4474
32934,39179
32934,44974
32934,30212
32934,395662
32934,262726
32934,31313
32934,24577
32934,23314
32934,48920
32934,266525
32934,5432
32934,8560
32934,23352
32934,57896
32934,35434
32934,58683
32934,11280
32934,18616
32934,136696
32934,42455
32934,50683
32934,62512
32934,47027
32934,26592
32934,12083
32934,29550
32934,43407
32934,46015
32934,50599
32934,264284
32934,264948
32934,5462
32934,39832
32934,196640
32934,35332
32934,10778
32934,135262
32934,4557
32934,206892
32934,10929
32934,262429
32934,131477
32934,18559
32934,57809
32934,19752
32934,22418
32934,45589
32934,203968
32934,35745
32934,263405
32934,52930
32934,39781
32934,49627
32934,17917
32934,197653
32934,12826
32934,327956
32934,25525
32934,31638
32934,13878
32934,21099
32934,8741
32934,202169
32934,58408
32934,37254
32934,204930
32934,28657
32934,27715
32934,136665
32934,136287
32934,29017
32934,51555
32934,136533
32934,13826
32934,204126
32934,16685
32934,327911
32934,263688
32934,9498
32934,53889
32934,25081
32934,9201
32934,60890
32934,48846
32934,50266
32934,18588
32934,18683
32934,262778
32934,51043
32934,38280
32934,131927
32934,49190
32934,28277
32934,264493
32934,135854
32934,132768
32934,394449
32934,60501
32934,39636
32934,5568
32934,28663
32934,265238
32934,52580
32934,49920
32934,38895
32934,6456
32934,8823
32934,49666
32934,51265
32934,2527
32934,14116
32934,134250
32934,14832
32934,56704
32934,44583
32934,18150
32934,17017
32934,35283
32934,135190
32934,199754
32934,39792
32934,61785
32934,46455
32934,7311
32934,23637
32934,22646
32934,56307
32934,59689
32934,30722
32934,27865
32934,45873
32934,200428
32934,28283
32934,265437
32934,37055
32934,62206
32934,17682
32934,197915
32934,50087
32934,28224
32934,22080
32934,44380
32934,7004
32934,135184
32934,55353
32934,17771
32934,32614
32934,25433
32934,264872
32934,265308
32934,63023
32934,45528
32934,34270
32934,4704
32934,7610
32934,28265
32934,61586
32934,133720
32934,201332
32934,132863
32934,23089
32934,12693
32934,7524
32934,9729
32934,38949
32934,327952
32934,53111
32934,22147
32934,62455
32934,2857
32934,62099
32934,5582
32934,204086
32934,39093
32934,25795
32934,13049
32934,25084
32934,134293
32934,49505
32934,3214
32934,132454
32934,30130
32934,30600
32934,42353
32934,34695
32934,8681
32934,29522
32934,263912
32934,131914
32934,133011
32934,52887
32934,33811
32934,61215
32934,44034
32934,40191
32934,52660
32934,131459
32934,6368
32934,37363
32934,52602
32934,264119
32934,8789
32934,30931
32934,58010
32934,49709
32934,46793
32934,33362
32934,6667
32934,44050
32934,132220
32934,262808
32934,263903
32934,42511
32934,28007
32934,266993
32934,4270
32934,19551
32934,4581
32934,4766
32934,25220
32934,133713
32934,262206
32934,50858
32934,200539
32934,53113
32934,1403
32934,262488
32934,263032
32934,52444
32934,8057
32934,21413
32934,48719
32934,9930
32934,56324
32934,26548
32934,24582
32934,10222
32934,37356
32934,266448
32934,266044
32934,41802
32934,1213
32934,60725
32934,31708
32934,58307
32934,133959
32934,47850
32934,33081
32934,262755
32934,22381
32934,328032
32934,9318
32934,26343
32934,39288
32934,28917
32934,21351
32934,35000
32934,132602
32934,1424
32934,12496
32934,25091
32934,9299
32934,327922
32934,265478
32934,23628
32934,328199
32934,7545
32934,201126
32934,23827
32934,263394
32934,6712
32934,3233
32934,134256
32934,39737
32934,51918
32934,45668
32934,59842
32934,264913
32934,264415
32934,328009
32934,48742
32934,62642
32934,207097
32934,10030
32934,134139
32934,56882
32934,262434
32934,263470
32934,262466
32934,4657
32934,27947
32934,13238
32934,48173
32934,263151
32934,45284
32934,43073
32934,57151
32934,52510
32934,16503
32934,4134
32934,199947
32934,262999
32934,45956
32934,60822
32934,16080
32934,23640
32934,262469
32934,4826
32934,27471
32934,22546
32934,34177
32934,328039
32934,50121
32934,263535
32934,52981
32934,131446
32934,51799
32934,38457
32934,57353
32934,24105
32934,37599
32934,37315
32934,51929
32934,28171
32934,327781
32934,197216
32934,56628
32934,63290
32934,43942
32934,131937
32934,1659
32934,64044
32934,37519
32934,203389
32934,55569
32934,10886
32934,54929
32934,28589
32934,2711
32934,135292
32934,262862
32934,264116
32934,22438
32934,12312
32934,31167
32934,29748
32934,134340
32934,263363
32934,34305
32934,35579
32934,265141
32934,64255
32934,3361
32934,48166
32934,59127
32934,6507
32934,8608
32934,131613
32934,395434
32934,136358
32934,62244
32934,42184
32934,12085
32934,29583
32934,1764
32934,44980
32934,131149
32934,133859
32934,52911
32934,263920
32934,3402
32934,13445
32934,26068
32934,60169
32934,20621
32934,37168
32934,53563
32934,29009
32934,18046
32934,264339
32934,24592
32934,17705
32934,264130
32934,266413
32934,18206
32934,60798
32934,24284
32934,8310
32934,328178
32934,20552
32934,20530
32934,21371
32934,262503
32934,264002
32934,327693
32934,63124
32934,26479
32934,11432
32934,262454
32934,43022
32934,134850
32934,8469
32934,58073
32934,197219
32934,136501
32934,12355
32934,8315
32934,52236
32934,135820
32934,48067
32934,133695
32934,20161
32934,53013
32934,7617
32934,263587
32934,28154
32934,31017
32934,328341
32934,137251
32934,10835
32934,16467
32934,9327
32934,53138
32934,18227
32934,28309
32934,262664
32934,27851
32934,51185
32934,8551
32934,9312
32934,20504
32934,63311
32934,198948
32934,134016
32934,57221
32934,136708
32934,30500
32934,42473
32934,37468
32934,134022
32934,264517
32934,137098
32934,25192
32934,20849
32934,38790
32934,263978
32934,25853
32934,132895
32934,38235
32934,32710
32934,64096
32934,33071
32934,9002
32934,55743
32934,28571
32934,42695
32934,55818
32934,34768
32934,34683
32934,21333
32934,24446
32934,263324
32934,13767
32934,54113
32934,27008
32934,61049
32934,201675
32934,2907
32934,202384
32934,64476
32934,31863
32934,52863
32934,9622
32934,132837
32934,2594
32934,38022
32934,28118
32934,12338
32934,265019
32934,52822
32934,28707
32934,13094
32934,327794
32934,16880
32934,196819
32934,199483
32934,59827
32934,25309
32934,262578
32934,203548
32934,131912
32934,207119
32934,35838
32934,266847
32934,32233
32934,16839
32934,61317
32934,22634
32934,43709
32934,41026
32934,131178
32934,6614
32934,36089
32934,12703
32934,202053
32934,206819
32934,12709
32934,1853
32934,327962
32934,62009
32934,198151
32934,132331
32934,263044
32934,264158
32934,28323
32934,202766
32934,35074
32934,29006
32934,6848
32934,52376
32934,136303
32934,57007
32934,133658
32934,35833
32934,31029
32934,197696
32934,42325
32934,34577
32934,7332
32934,45587
32934,266445
32934,136373
32934,19468
32934,263445
32934,58678
32934,133731
32934,201453
32934,328037
32934,135780
32934,48519
32934,59439
32934,20847
32934,59123
32934,19207
32934,198389
32934,11114
32934,34021
32934,10745
32934,327966
32934,39591
32934,32881
32934,53195
32934,134035
32934,17246
32934,27589
32934,8896
32934,49763
32934,10026
32934,137
32934,50072
32934,38819
32934,33606
32934,197617
32934,50387
32934,262537
32934,2516
32934,13680
32934,24916
32934,12348
32934,198545
32934,8246
32934,53078
32934,23779
32934,15211
32934,46450
32934,31715
32934,16128
32934,24252
32934,24259
32934,6758
32934,263542
32934,201026
32934,22356
32934,35575
32934,55805
32934,10021
32934,266365
32934,202627
32934,48297
32934,31103
32934,51313
32934,26930
32934,31317
32934,51167
32934,559
32934,263480
32934,35706
32934,36008
32934,15128
32934,24638
32934,14380
32934,201939
32934,203547
32934,133480
32934,135743
32934,328160
32934,31246
32934,207176
32934,19662
32934,36012
32934,49524
32934,13150
32934,53067
32934,201333
32934,8778
32934,197133
32934,6169
32934,53114
32934,16210
32934,137166
32934,54115
32934,42525
32934,8222
32934,52610
32934,263531
32934,26228
32934,9119
32934,206342
32934,205718
32934,30103
32934,198591
32934,198371
32934,327984
32934,855
32934,53828
32934,42044
32934,201701
32934,137633
32934,58972
32934,44901
32934,205005
32934,7642
32934,15958
32934,51852
32934,59101
32934,13285
32934,8657
32934,3327
32934,262819
32934,60219
32934,9268
32934,52251
32934,50473
32934,328317
32934,58321
32934,42830
32934,50661
32934,262673
32934,23939
32934,198554
32934,57124
32934,56038
32934,58067
32934,21840
32934,394010
32934,10133
32934,204188
32934,8851
32934,262587
32934,201990
32934,52613
32934,264022
32934,135098
32934,38321
32934,27294
32934,16164
32934,29119
32934,35655
32934,37395
32934,134257
32934,45437
32934,266149
32934,24278
32934,133075
32934,36236
32934,62955
32934,34624
32934,42652
32934,52661
32934,199101
32934,19518
32934,57228
32934,19996
32934,19693
32934,15377
32934,267478
32934,51948
32934,199978
32934,39647
32934,41696
32934,45816
32934,262891
32934,199510
32934,55819
32934,39326
32934,132376
32934,42949
32934,24033
32934,28163
32934,53154
32934,58898
32934,17978
32934,31328
32934,8245
32934,43436
32934,59611
32934,265952
32934,42401
32934,28244
32934,58659
32934,136300
32934,15624
32934,53306
32934,16912
32934,28598
32934,135212
32934,8968
32934,198184
32934,11835
32934,48579
32934,15830
32934,203724
32934,39104
32934,55900
32934,58438
32934,137608
32934,138174
32934,132572
32934,199451
32934,7663
32934,42605
32934,23669
32934,59835
32934,37455
32934,40867
32934,52878
32934,53094
32934,328106
32934,32764
32934,24482
32934,36944
32934,205388
32934,132323
32934,134012
32934,134881
32934,61198
32934,13046
32934,263555
32934,57287
32934,44356
32934,200780
32934,267085
32934,27747
32934,327991
32934,199544
32934,39600
32934,198551
32934,29974
32934,267196
32934,137083
32934,137181
32934,198988
32934,199181
32934,328107
32934,51752
32934,136364
32934,2544
32934,59129
32934,45796
32934,202761
32934,18886
32934,262979
32934,131916
32934,6619
32934,31529
32934,20278
32934,393316
32934,135848
32934,132931
32934,64241
32934,29605
32934,29287
32934,59865
32934,263432
32934,56209
32934,50095
32934,135139
32934,23661
32934,263486
32934,21385
32934,63956
32934,22299
32934,51708
32934,21409
32934,17534
32934,28300
32934,28327
32934,14701
32934,42004
32934,200639
32934,55482
32934,133235
32934,28658
32934,23310
32934,20952
32934,38887
32934,23682
32934,55381
32934,376
32934,28220
32934,9009
32934,20900
32934,198423
32934,59890
32934,12637
32934,41496
32934,136631
32934,30549
32934,262417
32934,42180
32934,135834
32934,39543
32934,58146
32934,20474
32934,9658
32934,8767
32934,63931
32934,203507
32934,200561
32934,38631
32934,200020
32934,35176
32934,24594
32934,28876
32934,35753
32934,21724
32934,819
32934,32277
32934,394367
32934,267277
32934,18121
32934,204355
32934,33515
32934,55350
32934,2152
32934,41678
32934,8339
32934,46656
32934,61689
32934,56800
32934,44484
32934,29788
32934,131934
32934,41139
32934,6412
32934,30848
32934,264425
32934,21947
32934,18092
32934,50309
32934,3067
32934,1273
32934,10423
32934,13329
32934,9680
32934,133593
32934,11096
32934,16246
32934,328045
32934,327767
32934,33480
32934,202086
32934,12990
32934,262773
32934,28368
32934,262732
32934,61470
32934,262688
32934,43171
32934,39560
32934,45015
32934,45768
32934,46156
32934,42643
32934,131915
32934,57642
32934,16700
32934,262672
32934,60277
32934,137144
32934,132957
32934,57537
32934,17889
32934,266300
32934,41721
32934,201548
32934,27381
32934,26935
32934,60257
32934,41153
32934,10310
32934,26803
32934,263043
32934,15967
32934,3265
32934,52650
32934,328024
32934,4666
32934,9246
32934,23889
32934,39704
32934,12540
32934,28670
32934,264009
32934,35505
32934,63399
32934,8648
32934,42965
32934,205344
32934,196670
32934,205555
32934,21360
32934,29535
32934,22616
32934,33725
32934,23033
32934,9029
32934,8664
32934,53233
